--Below Data corresponding to Wonderla Bangalore.(Daily count)

Year      Months Daily Total_Tickets
-----     ------ ---- -------------
20052006   null	null 101983
20062007   null	null 278601
20072008   null	null 203296
20082009	AUG	01	80
20082009	AUG	02	291
20082009	AUG	03	387
20082009	AUG	04	136
20082009	AUG	05	129
20082009	AUG	06	102
20082009	AUG	07	151
20082009	AUG	08	124
20082009	AUG	09	359
20082009	AUG	10	373
20082009	AUG	11	128
20082009	AUG	12	99
20082009	AUG	13	106
20082009	AUG	14	143
20082009	AUG	15	570
20082009	AUG	16	526
20082009	AUG	17	394
20082009	AUG	18	115
20082009	AUG	19	87
20082009	AUG	20	111
20082009	AUG	21	82
20082009	AUG	22	151
20082009	AUG	23	282
20082009	AUG	24	353
20082009	AUG	25	132
20082009	AUG	26	110
20082009	AUG	27	115
20082009	AUG	28	128
20082009	AUG	29	148
20082009	AUG	30	947
20082009	AUG	31	903
20082009	DEC	01	74
20082009	DEC	02	90
20082009	DEC	03	117
20082009	DEC	04	129
20082009	DEC	05	153
20082009	DEC	06	242
20082009	DEC	07	334
20082009	DEC	08	141
20082009	DEC	09	300
20082009	DEC	10	249
20082009	DEC	11	187
20082009	DEC	12	179
20082009	DEC	13	320
20082009	DEC	14	426
20082009	DEC	15	130
20082009	DEC	16	165
20082009	DEC	17	172
20082009	DEC	18	192
20082009	DEC	19	231
20082009	DEC	20	277
20082009	DEC	21	460
20082009	DEC	22	251
20082009	DEC	23	362
20082009	DEC	24	326
20082009	DEC	25	877
20082009	DEC	26	807
20082009	DEC	27	933
20082009	DEC	28	1069
20082009	DEC	29	562
20082009	DEC	30	624
20082009	DEC	31	448
20082009	FEB	01	327
20082009	FEB	02	108
20082009	FEB	03	140
20082009	FEB	04	134
20082009	FEB	05	131
20082009	FEB	06	132
20082009	FEB	07	299
20082009	FEB	08	359
20082009	FEB	09	120
20082009	FEB	10	138
20082009	FEB	11	117
20082009	FEB	12	110
20082009	FEB	13	138
20082009	FEB	14	393
20082009	FEB	15	350
20082009	FEB	16	126
20082009	FEB	17	123
20082009	FEB	18	113
20082009	FEB	19	133
20082009	FEB	20	132
20082009	FEB	21	348
20082009	FEB	22	500
20082009	FEB	23	247
20082009	FEB	24	128
20082009	FEB	25	90
20082009	FEB	26	121
20082009	FEB	27	127
20082009	FEB	28	252
20082009	JAN	01	868
20082009	JAN	02	407
20082009	JAN	03	573
20082009	JAN	04	578
20082009	JAN	05	187
20082009	JAN	06	155
20082009	JAN	07	179
20082009	JAN	08	222
20082009	JAN	09	157
20082009	JAN	10	321
20082009	JAN	11	415
20082009	JAN	12	176
20082009	JAN	13	225
20082009	JAN	14	325
20082009	JAN	15	206
20082009	JAN	16	249
20082009	JAN	17	294
20082009	JAN	18	331
20082009	JAN	19	166
20082009	JAN	20	126
20082009	JAN	21	143
20082009	JAN	22	124
20082009	JAN	23	172
20082009	JAN	24	349
20082009	JAN	25	903
20082009	JAN	26	462
20082009	JAN	27	170
20082009	JAN	28	134
20082009	JAN	29	146
20082009	JAN	30	158
20082009	JAN	31	255
20082009	JUL	01	140
20082009	JUL	02	144
20082009	JUL	03	160
20082009	JUL	04	172
20082009	JUL	05	349
20082009	JUL	06	542
20082009	JUL	07	143
20082009	JUL	08	161
20082009	JUL	09	139
20082009	JUL	10	131
20082009	JUL	11	147
20082009	JUL	12	428
20082009	JUL	13	611
20082009	JUL	14	189
20082009	JUL	15	130
20082009	JUL	16	124
20082009	JUL	17	216
20082009	JUL	18	192
20082009	JUL	19	411
20082009	JUL	20	570
20082009	JUL	21	135
20082009	JUL	22	162
20082009	JUL	23	174
20082009	JUL	24	214
20082009	JUL	25	133
20082009	JUL	26	192
20082009	JUL	27	319
20082009	JUL	28	107
20082009	JUL	29	88
20082009	JUL	30	111
20082009	JUL	31	153
20082009	JUN	26	212
20082009	JUN	27	164
20082009	JUN	28	440
20082009	JUN	29	559
20082009	JUN	30	177
20082009	MAR	01	367
20082009	MAR	02	113
20082009	MAR	03	120
20082009	MAR	04	126
20082009	MAR	05	119
20082009	MAR	06	102
20082009	MAR	07	295
20082009	MAR	08	357
20082009	MAR	09	183
20082009	MAR	10	261
20082009	MAR	11	238
20082009	MAR	12	126
20082009	MAR	13	132
20082009	MAR	14	340
20082009	MAR	15	394
20082009	MAR	16	120
20082009	MAR	17	123
20082009	MAR	18	126
20082009	MAR	19	132
20082009	MAR	20	145
20082009	MAR	21	337
20082009	MAR	22	558
20082009	MAR	23	126
20082009	MAR	24	121
20082009	MAR	25	164
20082009	MAR	26	164
20082009	MAR	27	670
20082009	MAR	28	804
20082009	MAR	29	859
20082009	MAR	30	311
20082009	MAR	31	276
20082009	NOV	01	763
20082009	NOV	02	477
20082009	NOV	03	113
20082009	NOV	04	112
20082009	NOV	05	121
20082009	NOV	06	137
20082009	NOV	07	129
20082009	NOV	08	289
20082009	NOV	09	438
20082009	NOV	10	95
20082009	NOV	11	126
20082009	NOV	12	127
20082009	NOV	13	130
20082009	NOV	14	148
20082009	NOV	15	314
20082009	NOV	16	330
20082009	NOV	17	106
20082009	NOV	18	100
20082009	NOV	19	96
20082009	NOV	20	130
20082009	NOV	21	133
20082009	NOV	22	247
20082009	NOV	23	284
20082009	NOV	24	89
20082009	NOV	25	108
20082009	NOV	26	112
20082009	NOV	27	72
20082009	NOV	28	84
20082009	NOV	29	133
20082009	NOV	30	206
20082009	OCT	01	361
20082009	OCT	02	1253
20082009	OCT	03	687
20082009	OCT	04	834
20082009	OCT	05	1019
20082009	OCT	06	361
20082009	OCT	07	265
20082009	OCT	08	508
20082009	OCT	09	1505
20082009	OCT	10	1022
20082009	OCT	11	1249
20082009	OCT	12	969
20082009	OCT	13	305
20082009	OCT	14	286
20082009	OCT	15	286
20082009	OCT	16	242
20082009	OCT	17	212
20082009	OCT	18	556
20082009	OCT	19	561
20082009	OCT	20	225
20082009	OCT	21	157
20082009	OCT	22	142
20082009	OCT	23	143
20082009	OCT	24	150
20082009	OCT	25	172
20082009	OCT	26	383
20082009	OCT	27	523
20082009	OCT	28	339
20082009	OCT	29	594
20082009	OCT	30	199
20082009	OCT	31	160
20082009	SEP	01	111
20082009	SEP	02	89
20082009	SEP	03	196
20082009	SEP	04	78
20082009	SEP	05	144
20082009	SEP	06	284
20082009	SEP	07	255
20082009	SEP	08	83
20082009	SEP	09	64
20082009	SEP	10	55
20082009	SEP	11	71
20082009	SEP	12	119
20082009	SEP	13	229
20082009	SEP	14	615
20082009	SEP	15	77
20082009	SEP	16	68
20082009	SEP	17	78
20082009	SEP	18	59
20082009	SEP	19	78
20082009	SEP	20	180
20082009	SEP	21	297
20082009	SEP	22	57
20082009	SEP	23	64
20082009	SEP	24	76
20082009	SEP	25	82
20082009	SEP	26	333
20082009	SEP	27	260
20082009	SEP	28	357
20082009	SEP	29	230
20082009	SEP	30	161
20082009			58113
20092010	APR	01	287
20092010	APR	02	328
20092010	APR	03	362
20092010	APR	04	666
20092010	APR	05	1092
20092010	APR	06	423
20092010	APR	07	767
20092010	APR	08	445
20092010	APR	09	376
20092010	APR	10	1135
20092010	APR	11	1368
20092010	APR	12	1377
20092010	APR	13	692
20092010	APR	14	898
20092010	APR	15	613
20092010	APR	16	571
20092010	APR	17	546
20092010	APR	18	866
20092010	APR	19	1279
20092010	APR	20	582
20092010	APR	21	586
20092010	APR	22	579
20092010	APR	23	977
20092010	APR	24	637
20092010	APR	25	871
20092010	APR	26	1405
20092010	APR	27	738
20092010	APR	28	785
20092010	APR	29	685
20092010	APR	30	748
20092010	AUG	01	394
20092010	AUG	02	563
20092010	AUG	03	170
20092010	AUG	04	181
20092010	AUG	05	189
20092010	AUG	06	196
20092010	AUG	07	183
20092010	AUG	08	431
20092010	AUG	09	479
20092010	AUG	10	145
20092010	AUG	11	155
20092010	AUG	12	142
20092010	AUG	13	179
20092010	AUG	14	252
20092010	AUG	15	425
20092010	AUG	16	336
20092010	AUG	17	113
20092010	AUG	18	104
20092010	AUG	19	102
20092010	AUG	20	74
20092010	AUG	21	133
20092010	AUG	22	134
20092010	AUG	23	150
20092010	AUG	24	88
20092010	AUG	25	91
20092010	AUG	26	92
20092010	AUG	27	101
20092010	AUG	28	112
20092010	AUG	29	170
20092010	AUG	30	221
20092010	AUG	31	122
20092010	DEC	01	193
20092010	DEC	02	202
20092010	DEC	03	185
20092010	DEC	04	200
20092010	DEC	05	320
20092010	DEC	06	425
20092010	DEC	07	236
20092010	DEC	08	179
20092010	DEC	09	177
20092010	DEC	10	202
20092010	DEC	11	237
20092010	DEC	12	324
20092010	DEC	13	372
20092010	DEC	14	211
20092010	DEC	15	249
20092010	DEC	16	180
20092010	DEC	17	230
20092010	DEC	18	289
20092010	DEC	19	299
20092010	DEC	20	538
20092010	DEC	21	321
20092010	DEC	22	257
20092010	DEC	23	437
20092010	DEC	24	434
20092010	DEC	25	1099
20092010	DEC	26	1246
20092010	DEC	27	1352
20092010	DEC	28	686
20092010	DEC	29	719
20092010	DEC	30	657
20092010	DEC	31	526
20092010	FEB	01	175
20092010	FEB	02	126
20092010	FEB	03	131
20092010	FEB	04	187
20092010	FEB	05	171
20092010	FEB	06	291
20092010	FEB	07	492
20092010	FEB	08	162
20092010	FEB	09	149
20092010	FEB	10	167
20092010	FEB	11	286
20092010	FEB	12	410
20092010	FEB	13	531
20092010	FEB	14	718
20092010	FEB	15	194
20092010	FEB	16	172
20092010	FEB	17	163
20092010	FEB	18	157
20092010	FEB	19	199
20092010	FEB	20	361
20092010	FEB	21	490
20092010	FEB	22	170
20092010	FEB	23	163
20092010	FEB	24	157
20092010	FEB	25	192
20092010	FEB	26	201
20092010	FEB	27	601
20092010	FEB	28	621
20092010	JAN	01	1035
20092010	JAN	02	1022
20092010	JAN	03	808
20092010	JAN	04	246
20092010	JAN	05	254
20092010	JAN	06	215
20092010	JAN	07	250
20092010	JAN	08	201
20092010	JAN	09	390
20092010	JAN	10	470
20092010	JAN	11	215
20092010	JAN	12	174
20092010	JAN	13	186
20092010	JAN	14	644
20092010	JAN	15	350
20092010	JAN	16	683
20092010	JAN	17	525
20092010	JAN	18	193
20092010	JAN	19	186
20092010	JAN	20	153
20092010	JAN	21	158
20092010	JAN	22	184
20092010	JAN	23	325
20092010	JAN	24	484
20092010	JAN	25	372
20092010	JAN	26	590
20092010	JAN	27	182
20092010	JAN	28	218
20092010	JAN	29	196
20092010	JAN	30	406
20092010	JAN	31	464
20092010	JUL	01	185
20092010	JUL	02	167
20092010	JUL	03	207
20092010	JUL	04	381
20092010	JUL	05	617
20092010	JUL	06	206
20092010	JUL	07	151
20092010	JUL	08	124
20092010	JUL	09	186
20092010	JUL	10	155
20092010	JUL	11	422
20092010	JUL	12	541
20092010	JUL	13	190
20092010	JUL	14	220
20092010	JUL	15	131
20092010	JUL	16	191
20092010	JUL	17	162
20092010	JUL	18	320
20092010	JUL	19	471
20092010	JUL	20	167
20092010	JUL	21	170
20092010	JUL	22	131
20092010	JUL	23	184
20092010	JUL	24	198
20092010	JUL	25	418
20092010	JUL	26	537
20092010	JUL	27	166
20092010	JUL	28	186
20092010	JUL	29	179
20092010	JUL	30	144
20092010	JUL	31	199
20092010	JUN	01	450
20092010	JUN	02	428
20092010	JUN	03	373
20092010	JUN	04	332
20092010	JUN	05	331
20092010	JUN	06	662
20092010	JUN	07	802
20092010	JUN	08	258
20092010	JUN	09	271
20092010	JUN	10	247
20092010	JUN	11	227
20092010	JUN	12	276
20092010	JUN	13	629
20092010	JUN	14	793
20092010	JUN	15	240
20092010	JUN	16	286
20092010	JUN	17	229
20092010	JUN	18	268
20092010	JUN	19	260
20092010	JUN	20	544
20092010	JUN	21	722
20092010	JUN	22	224
20092010	JUN	23	243
20092010	JUN	24	270
20092010	JUN	25	212
20092010	JUN	26	269
20092010	JUN	27	472
20092010	JUN	28	655
20092010	JUN	29	216
20092010	JUN	30	180
20092010	MAR	01	379
20092010	MAR	02	157
20092010	MAR	03	143
20092010	MAR	04	167
20092010	MAR	05	155
20092010	MAR	06	422
20092010	MAR	07	554
20092010	MAR	08	142
20092010	MAR	09	174
20092010	MAR	10	228
20092010	MAR	11	225
20092010	MAR	12	238
20092010	MAR	13	380
20092010	MAR	14	624
20092010	MAR	15	248
20092010	MAR	16	573
20092010	MAR	17	248
20092010	MAR	18	190
20092010	MAR	19	223
20092010	MAR	20	376
20092010	MAR	21	589
20092010	MAR	22	225
20092010	MAR	23	189
20092010	MAR	24	254
20092010	MAR	25	248
20092010	MAR	26	293
20092010	MAR	27	595
20092010	MAR	28	934
20092010	MAR	29	348
20092010	MAR	30	378
20092010	MAR	31	314
20092010	MAY	01	2087
20092010	MAY	02	1470
20092010	MAY	03	1672
20092010	MAY	04	841
20092010	MAY	05	834
20092010	MAY	06	651
20092010	MAY	07	722
20092010	MAY	08	724
20092010	MAY	09	1369
20092010	MAY	10	1738
20092010	MAY	11	890
20092010	MAY	12	964
20092010	MAY	13	1005
20092010	MAY	14	933
20092010	MAY	15	1089
20092010	MAY	16	1300
20092010	MAY	17	1941
20092010	MAY	18	1059
20092010	MAY	19	1008
20092010	MAY	20	679
20092010	MAY	21	1000
20092010	MAY	22	905
20092010	MAY	23	1417
20092010	MAY	24	1904
20092010	MAY	25	1041
20092010	MAY	26	987
20092010	MAY	27	855
20092010	MAY	28	855
20092010	MAY	29	917
20092010	MAY	30	1247
20092010	MAY	31	1384
20092010	NOV	01	589
20092010	NOV	02	182
20092010	NOV	03	169
20092010	NOV	04	138
20092010	NOV	05	286
20092010	NOV	06	143
20092010	NOV	07	228
20092010	NOV	08	288
20092010	NOV	09	67
20092010	NOV	10	63
20092010	NOV	11	96
20092010	NOV	12	146
20092010	NOV	13	170
20092010	NOV	14	259
20092010	NOV	15	297
20092010	NOV	16	162
20092010	NOV	17	83
20092010	NOV	18	103
20092010	NOV	19	95
20092010	NOV	20	148
20092010	NOV	21	250
20092010	NOV	22	353
20092010	NOV	23	139
20092010	NOV	24	88
20092010	NOV	25	116
20092010	NOV	26	149
20092010	NOV	27	229
20092010	NOV	28	534
20092010	NOV	29	618
20092010	NOV	30	299
20092010	OCT	01	249
20092010	OCT	02	558
20092010	OCT	03	471
20092010	OCT	04	601
20092010	OCT	05	219
20092010	OCT	06	197
20092010	OCT	07	196
20092010	OCT	08	242
20092010	OCT	09	230
20092010	OCT	10	445
20092010	OCT	11	681
20092010	OCT	12	255
20092010	OCT	13	228
20092010	OCT	14	230
20092010	OCT	15	213
20092010	OCT	16	279
20092010	OCT	17	479
20092010	OCT	18	949
20092010	OCT	19	835
20092010	OCT	20	330
20092010	OCT	21	189
20092010	OCT	22	196
20092010	OCT	23	217
20092010	OCT	24	339
20092010	OCT	25	510
20092010	OCT	26	186
20092010	OCT	27	197
20092010	OCT	28	154
20092010	OCT	29	210
20092010	OCT	30	191
20092010	OCT	31	309
20092010	SEP	01	86
20092010	SEP	02	105
20092010	SEP	03	85
20092010	SEP	04	163
20092010	SEP	05	182
20092010	SEP	06	243
20092010	SEP	07	108
20092010	SEP	08	68
20092010	SEP	09	64
20092010	SEP	10	94
20092010	SEP	11	110
20092010	SEP	12	200
20092010	SEP	13	370
20092010	SEP	14	80
20092010	SEP	15	76
20092010	SEP	16	57
20092010	SEP	17	104
20092010	SEP	18	210
20092010	SEP	19	258
20092010	SEP	20	536
20092010	SEP	21	541
20092010	SEP	22	585
20092010	SEP	23	561
20092010	SEP	24	352
20092010	SEP	25	263
20092010	SEP	26	543
20092010	SEP	27	1030
20092010	SEP	28	1237
20092010	SEP	29	436
20092010	SEP	30	259
20102011	APR	01	536
20102011	APR	02	1374
20102011	APR	03	1137
20102011	APR	04	1305
20102011	APR	05	573
20102011	APR	06	504
20102011	APR	07	546
20102011	APR	08	488
20102011	APR	09	506
20102011	APR	10	966
20102011	APR	11	1589
20102011	APR	12	794
20102011	APR	13	754
20102011	APR	14	1148
20102011	APR	15	735
20102011	APR	16	808
20102011	APR	17	1041
20102011	APR	18	1721
20102011	APR	19	854
20102011	APR	20	893
20102011	APR	21	911
20102011	APR	22	813
20102011	APR	23	854
20102011	APR	24	1160
20102011	APR	25	1774
20102011	APR	26	912
20102011	APR	27	954
20102011	APR	28	838
20102011	APR	29	912
20102011	APR	30	1019
20102011	AUG	01	534
20102011	AUG	02	193
20102011	AUG	03	196
20102011	AUG	04	173
20102011	AUG	05	237
20102011	AUG	06	239
20102011	AUG	07	424
20102011	AUG	08	634
20102011	AUG	09	229
20102011	AUG	10	251
20102011	AUG	11	229
20102011	AUG	12	169
20102011	AUG	13	271
20102011	AUG	14	439
20102011	AUG	15	449
20102011	AUG	16	140
20102011	AUG	17	92
20102011	AUG	18	130
20102011	AUG	19	101
20102011	AUG	20	223
20102011	AUG	21	404
20102011	AUG	22	420
20102011	AUG	23	271
20102011	AUG	24	201
20102011	AUG	25	137
20102011	AUG	26	140
20102011	AUG	27	154
20102011	AUG	28	305
20102011	AUG	29	311
20102011	AUG	30	121
20102011	AUG	31	134
20102011	DEC	01	231
20102011	DEC	02	226
20102011	DEC	03	235
20102011	DEC	04	375
20102011	DEC	05	498
20102011	DEC	06	190
20102011	DEC	07	169
20102011	DEC	08	175
20102011	DEC	09	199
20102011	DEC	10	236
20102011	DEC	11	403
20102011	DEC	12	513
20102011	DEC	13	409
20102011	DEC	14	349
20102011	DEC	15	179
20102011	DEC	16	529
20102011	DEC	17	332
20102011	DEC	18	426
20102011	DEC	19	575
20102011	DEC	20	215
20102011	DEC	21	363
20102011	DEC	22	307
20102011	DEC	23	478
20102011	DEC	24	540
20102011	DEC	25	1228
20102011	DEC	26	1241
20102011	DEC	27	787
20102011	DEC	28	933
20102011	DEC	29	753
20102011	DEC	30	886
20102011	DEC	31	835
20102011	FEB	01	253
20102011	FEB	02	268
20102011	FEB	03	310
20102011	FEB	04	457
20102011	FEB	05	548
20102011	FEB	06	567
20102011	FEB	07	217
20102011	FEB	08	198
20102011	FEB	09	221
20102011	FEB	10	173
20102011	FEB	11	337
20102011	FEB	12	445
20102011	FEB	13	489
20102011	FEB	14	349
20102011	FEB	15	314
20102011	FEB	16	420
20102011	FEB	17	197
20102011	FEB	18	246
20102011	FEB	19	382
20102011	FEB	20	543
20102011	FEB	21	228
20102011	FEB	22	163
20102011	FEB	23	160
20102011	FEB	24	176
20102011	FEB	25	210
20102011	FEB	26	409
20102011	FEB	27	489
20102011	FEB	28	275
20102011	JAN	01	1508
20102011	JAN	02	1215
20102011	JAN	03	436
20102011	JAN	04	326
20102011	JAN	05	297
20102011	JAN	06	252
20102011	JAN	07	292
20102011	JAN	08	627
20102011	JAN	09	724
20102011	JAN	10	341
20102011	JAN	11	335
20102011	JAN	12	294
20102011	JAN	13	356
20102011	JAN	14	570
20102011	JAN	15	771
20102011	JAN	16	841
20102011	JAN	17	365
20102011	JAN	18	265
20102011	JAN	19	247
20102011	JAN	20	232
20102011	JAN	21	280
20102011	JAN	23	483
20102011	JAN	24	223
20102011	JAN	25	389
20102011	JAN	26	779
20102011	JAN	27	240
20102011	JAN	28	301
20102011	JAN	29	413
20102011	JAN	30	620
20102011	JAN	31	273
20102011	JUL	01	226
20102011	JUL	02	248
20102011	JUL	03	591
20102011	JUL	04	857
20102011	JUL	06	310
20102011	JUL	07	212
20102011	JUL	08	192
20102011	JUL	09	193
20102011	JUL	10	469
20102011	JUL	11	778
20102011	JUL	12	261
20102011	JUL	13	274
20102011	JUL	14	271
20102011	JUL	15	229
20102011	JUL	16	233
20102011	JUL	17	601
20102011	JUL	18	716
20102011	JUL	19	229
20102011	JUL	20	207
20102011	JUL	21	207
20102011	JUL	22	176
20102011	JUL	23	203
20102011	JUL	24	463
20102011	JUL	25	587
20102011	JUL	26	190
20102011	JUL	27	184
20102011	JUL	28	176
20102011	JUL	29	180
20102011	JUL	30	163
20102011	JUL	31	366
20102011	JUN	01	684
20102011	JUN	02	457
20102011	JUN	03	455
20102011	JUN	04	561
20102011	JUN	05	847
20102011	JUN	06	1083
20102011	JUN	07	432
20102011	JUN	08	527
20102011	JUN	09	376
20102011	JUN	10	436
20102011	JUN	11	400
20102011	JUN	12	900
20102011	JUN	13	853
20102011	JUN	14	305
20102011	JUN	15	254
20102011	JUN	16	210
20102011	JUN	17	257
20102011	JUN	18	261
20102011	JUN	19	543
20102011	JUN	20	774
20102011	JUN	21	261
20102011	JUN	22	283
20102011	JUN	23	259
20102011	JUN	24	293
20102011	JUN	25	445
20102011	JUN	26	729
20102011	JUN	27	731
20102011	JUN	28	253
20102011	JUN	29	289
20102011	JUN	30	265
20102011	MAR	01	277
20102011	MAR	02	445
20102011	MAR	03	237
20102011	MAR	04	252
20102011	MAR	05	463
20102011	MAR	06	547
20102011	MAR	07	340
20102011	MAR	08	325
20102011	MAR	09	245
20102011	MAR	10	419
20102011	MAR	11	327
20102011	MAR	12	562
20102011	MAR	13	745
20102011	MAR	14	251
20102011	MAR	15	288
20102011	MAR	16	241
20102011	MAR	17	281
20102011	MAR	18	370
20102011	MAR	19	535
20102011	MAR	20	701
20102011	MAR	21	252
20102011	MAR	22	306
20102011	MAR	23	293
20102011	MAR	24	330
20102011	MAR	25	484
20102011	MAR	26	757
20102011	MAR	27	918
20102011	MAR	28	405
20102011	MAR	29	524
20102011	MAR	30	230
20102011	MAR	31	592
20102011	MAY	01	2409
20102011	MAY	02	2215
20102011	MAY	03	1140
20102011	MAY	04	1074
20102011	MAY	05	1132
20102011	MAY	06	988
20102011	MAY	07	1293
20102011	MAY	08	1654
20102011	MAY	09	1693
20102011	MAY	10	1151
20102011	MAY	11	1266
20102011	MAY	12	1056
20102011	MAY	13	1115
20102011	MAY	14	1306
20102011	MAY	15	1541
20102011	MAY	16	1639
20102011	MAY	17	1151
20102011	MAY	18	1157
20102011	MAY	19	1022
20102011	MAY	20	826
20102011	MAY	21	899
20102011	MAY	22	1204
20102011	MAY	23	1380
20102011	MAY	24	1080
20102011	MAY	25	1073
20102011	MAY	26	1054
20102011	MAY	27	1115
20102011	MAY	28	1059
20102011	MAY	29	1384
20102011	MAY	30	1655
20102011	MAY	31	906
20102011	NOV	01	754
20102011	NOV	02	257
20102011	NOV	03	183
20102011	NOV	04	290
20102011	NOV	05	366
20102011	NOV	06	973
20102011	NOV	07	457
20102011	NOV	08	90
20102011	NOV	09	147
20102011	NOV	10	161
20102011	NOV	11	248
20102011	NOV	12	172
20102011	NOV	13	400
20102011	NOV	14	560
20102011	NOV	15	170
20102011	NOV	16	255
20102011	NOV	17	231
20102011	NOV	18	409
20102011	NOV	19	315
20102011	NOV	20	397
20102011	NOV	21	548
20102011	NOV	22	205
20102011	NOV	23	388
20102011	NOV	24	356
20102011	NOV	25	253
20102011	NOV	26	266
20102011	NOV	27	351
20102011	NOV	28	506
20102011	NOV	29	238
20102011	NOV	30	252
20102011	OCT	01	209
20102011	OCT	02	1283
20102011	OCT	03	724
20102011	OCT	04	208
20102011	OCT	05	205
20102011	OCT	06	287
20102011	OCT	07	369
20102011	OCT	08	467
20102011	OCT	09	873
20102011	OCT	10	1208
20102011	OCT	11	581
20102011	OCT	12	732
20102011	OCT	13	720
20102011	OCT	14	748
20102011	OCT	15	822
20102011	OCT	16	1416
20102011	OCT	17	1368
20102011	OCT	18	708
20102011	OCT	19	523
20102011	OCT	20	397
20102011	OCT	21	476
20102011	OCT	22	700
20102011	OCT	23	653
20102011	OCT	24	904
20102011	OCT	25	266
20102011	OCT	26	271
20102011	OCT	27	218
20102011	OCT	28	268
20102011	OCT	29	230
20102011	OCT	30	397
20102011	OCT	31	936
20102011	SEP	01	190
20102011	SEP	02	163
20102011	SEP	03	243
20102011	SEP	04	326
20102011	SEP	05	381
20102011	SEP	06	166
20102011	SEP	07	125
20102011	SEP	08	126
20102011	SEP	09	141
20102011	SEP	10	602
20102011	SEP	11	659
20102011	SEP	12	1078
20102011	SEP	13	595
20102011	SEP	14	292
20102011	SEP	15	256
20102011	SEP	16	231
20102011	SEP	17	395
20102011	SEP	18	435
20102011	SEP	19	548
20102011	SEP	20	215
20102011	SEP	21	158
20102011	SEP	22	205
20102011	SEP	23	163
20102011	SEP	24	147
20102011	SEP	25	471
20102011	SEP	26	685
20102011	SEP	27	222
20102011	SEP	28	136
20102011	SEP	29	176
20102011	SEP	30	61
20112012	APR	01	487
20112012	APR	02	342
20112012	APR	03	1816
20112012	APR	04	1262
20112012	APR	05	663
20112012	APR	06	597
20112012	APR	07	579
20112012	APR	08	641
20112012	APR	09	1145
20112012	APR	10	1640
20112012	APR	11	668
20112012	APR	12	646
20112012	APR	13	832
20112012	APR	14	1242
20112012	APR	15	1237
20112012	APR	16	1935
20112012	APR	17	1941
20112012	APR	18	971
20112012	APR	19	845
20112012	APR	20	1075
20112012	APR	21	1054
20112012	APR	22	1793
20112012	APR	23	1249
20112012	APR	24	1361
20112012	APR	25	945
20112012	APR	26	1111
20112012	APR	27	875
20112012	APR	28	985
20112012	APR	29	983
20112012	APR	30	1456
20112012	AUG	01	232
20112012	AUG	02	143
20112012	AUG	03	169
20112012	AUG	04	169
20112012	AUG	05	206
20112012	AUG	06	486
20112012	AUG	07	651
20112012	AUG	08	166
20112012	AUG	09	145
20112012	AUG	10	178
20112012	AUG	11	183
20112012	AUG	12	375
20112012	AUG	13	762
20112012	AUG	14	1791
20112012	AUG	15	1009
20112012	AUG	16	208
20112012	AUG	17	151
20112012	AUG	18	117
20112012	AUG	19	170
20112012	AUG	20	349
20112012	AUG	21	447
20112012	AUG	22	223
20112012	AUG	23	145
20112012	AUG	24	141
20112012	AUG	25	135
20112012	AUG	26	174
20112012	AUG	27	361
20112012	AUG	28	684
20112012	AUG	29	175
20112012	AUG	30	210
20112012	AUG	31	628
20112012	DEC	01	292
20112012	DEC	02	313
20112012	DEC	03	459
20112012	DEC	04	641
20112012	DEC	05	399
20112012	DEC	06	493
20112012	DEC	07	283
20112012	DEC	08	249
20112012	DEC	09	369
20112012	DEC	10	480
20112012	DEC	11	659
20112012	DEC	12	335
20112012	DEC	13	308
20112012	DEC	14	314
20112012	DEC	15	371
20112012	DEC	16	345
20112012	DEC	17	474
20112012	DEC	18	646
20112012	DEC	19	381
20112012	DEC	20	369
20112012	DEC	21	354
20112012	DEC	22	468
20112012	DEC	23	582
20112012	DEC	24	777
20112012	DEC	25	1116
20112012	DEC	26	962
20112012	DEC	27	987
20112012	DEC	28	888
20112012	DEC	29	957
20112012	DEC	30	609
20112012	DEC	31	775
20112012	FEB	01	287
20112012	FEB	02	250
20112012	FEB	03	286
20112012	FEB	04	487
20112012	FEB	05	579
20112012	FEB	06	220
20112012	FEB	07	236
20112012	FEB	08	252
20112012	FEB	09	226
20112012	FEB	10	364
20112012	FEB	11	541
20112012	FEB	12	637
20112012	FEB	13	327
20112012	FEB	14	392
20112012	FEB	15	274
20112012	FEB	16	276
20112012	FEB	17	321
20112012	FEB	18	576
20112012	FEB	19	929
20112012	FEB	20	542
20112012	FEB	21	286
20112012	FEB	22	82
20112012	FEB	23	238
20112012	FEB	24	260
20112012	FEB	25	517
20112012	FEB	26	594
20112012	FEB	27	218
20112012	FEB	28	261
20112012	FEB	29	199
20112012	JAN	01	1568
20112012	JAN	02	623
20112012	JAN	03	396
20112012	JAN	04	357
20112012	JAN	05	328
20112012	JAN	06	397
20112012	JAN	07	573
20112012	JAN	08	789
20112012	JAN	09	387
20112012	JAN	10	358
20112012	JAN	11	378
20112012	JAN	12	355
20112012	JAN	13	391
20112012	JAN	14	697
20112012	JAN	15	845
20112012	JAN	16	576
20112012	JAN	17	410
20112012	JAN	18	333
20112012	JAN	19	323
20112012	JAN	20	358
20112012	JAN	21	673
20112012	JAN	22	594
20112012	JAN	23	355
20112012	JAN	24	347
20112012	JAN	25	421
20112012	JAN	26	835
20112012	JAN	27	525
20112012	JAN	28	504
20112012	JAN	29	633
20112012	JAN	30	302
20112012	JAN	31	345
20112012	JUL	01	394
20112012	JUL	02	851
20112012	JUL	03	845
20112012	JUL	04	369
20112012	JUL	05	265
20112012	JUL	06	274
20112012	JUL	07	251
20112012	JUL	08	430
20112012	JUL	09	728
20112012	JUL	10	946
20112012	JUL	11	427
20112012	JUL	12	277
20112012	JUL	13	305
20112012	JUL	14	314
20112012	JUL	15	264
20112012	JUL	16	620
20112012	JUL	17	672
20112012	JUL	18	270
20112012	JUL	19	253
20112012	JUL	20	255
20112012	JUL	21	252
20112012	JUL	22	302
20112012	JUL	23	655
20112012	JUL	24	866
20112012	JUL	25	320
20112012	JUL	26	269
20112012	JUL	27	219
20112012	JUL	28	297
20112012	JUL	29	356
20112012	JUL	30	665
20112012	JUL	31	741
20112012	JUN	01	842
20112012	JUN	02	691
20112012	JUN	03	694
20112012	JUN	04	1112
20112012	JUN	05	1316
20112012	JUN	06	606
20112012	JUN	07	569
20112012	JUN	08	528
20112012	JUN	09	564
20112012	JUN	10	642
20112012	JUN	11	1100
20112012	JUN	12	1289
20112012	JUN	13	602
20112012	JUN	14	531
20112012	JUN	15	375
20112012	JUN	16	350
20112012	JUN	17	461
20112012	JUN	18	777
20112012	JUN	19	996
20112012	JUN	20	369
20112012	JUN	21	395
20112012	JUN	22	307
20112012	JUN	23	318
20112012	JUN	24	386
20112012	JUN	25	787
20112012	JUN	26	915
20112012	JUN	27	348
20112012	JUN	28	297
20112012	JUN	29	346
20112012	JUN	30	318
20112012	MAR	01	224
20112012	MAR	02	241
20112012	MAR	03	580
20112012	MAR	04	655
20112012	MAR	05	267
20112012	MAR	06	333
20112012	MAR	07	304
20112012	MAR	08	522
20112012	MAR	09	365
20112012	MAR	10	680
20112012	MAR	11	665
20112012	MAR	12	318
20112012	MAR	13	240
20112012	MAR	14	307
20112012	MAR	15	311
20112012	MAR	16	312
20112012	MAR	17	526
20112012	MAR	18	709
20112012	MAR	19	296
20112012	MAR	20	259
20112012	MAR	21	254
20112012	MAR	22	289
20112012	MAR	23	1001
20112012	MAR	24	1073
20112012	MAR	25	977
20112012	MAR	26	307
20112012	MAR	27	439
20112012	MAR	28	388
20112012	MAR	29	479
20112012	MAR	30	474
20112012	MAR	31	808
20112012	MAY	01	2035
20112012	MAY	02	1119
20112012	MAY	03	1029
20112012	MAY	04	1193
20112012	MAY	05	1047
20112012	MAY	06	1009
20112012	MAY	07	1708
20112012	MAY	08	2242
20112012	MAY	09	1617
20112012	MAY	10	1382
20112012	MAY	11	1284
20112012	MAY	12	1288
20112012	MAY	13	1281
20112012	MAY	14	1785
20112012	MAY	15	2267
20112012	MAY	16	1344
20112012	MAY	17	1322
20112012	MAY	18	1124
20112012	MAY	19	1339
20112012	MAY	20	1371
20112012	MAY	21	1789
20112012	MAY	22	2211
20112012	MAY	23	1478
20112012	MAY	24	1642
20112012	MAY	25	1138
20112012	MAY	26	1384
20112012	MAY	27	1504
20112012	MAY	28	1917
20112012	MAY	29	2130
20112012	MAY	30	1388
20112012	MAY	31	954
20112012	NOV	01	827
20112012	NOV	02	162
20112012	NOV	03	253
20112012	NOV	04	245
20112012	NOV	05	315
20112012	NOV	06	780
20112012	NOV	07	561
20112012	NOV	08	590
20112012	NOV	09	594
20112012	NOV	10	389
20112012	NOV	11	364
20112012	NOV	12	492
20112012	NOV	13	718
20112012	NOV	14	528
20112012	NOV	15	226
20112012	NOV	16	245
20112012	NOV	17	228
20112012	NOV	18	306
20112012	NOV	19	391
20112012	NOV	20	625
20112012	NOV	21	257
20112012	NOV	22	211
20112012	NOV	23	239
20112012	NOV	24	291
20112012	NOV	25	354
20112012	NOV	26	343
20112012	NOV	27	343
20112012	NOV	28	281
20112012	NOV	29	234
20112012	NOV	30	264
20112012	OCT	01	758
20112012	OCT	02	1321
20112012	OCT	03	625
20112012	OCT	04	555
20112012	OCT	05	1121
20112012	OCT	06	2064
20112012	OCT	07	1529
20112012	OCT	08	1827
20112012	OCT	09	1420
20112012	OCT	10	546
20112012	OCT	11	596
20112012	OCT	12	426
20112012	OCT	13	391
20112012	OCT	14	389
20112012	OCT	15	702
20112012	OCT	16	1001
20112012	OCT	17	361
20112012	OCT	18	299
20112012	OCT	19	267
20112012	OCT	20	322
20112012	OCT	21	329
20112012	OCT	22	434
20112012	OCT	23	776
20112012	OCT	24	436
20112012	OCT	25	591
20112012	OCT	26	448
20112012	OCT	27	1016
20112012	OCT	28	500
20112012	OCT	29	611
20112012	OCT	30	751
20112012	OCT	31	380
20112012	SEP	01	1424
20112012	SEP	02	740
20112012	SEP	03	1014
20112012	SEP	04	841
20112012	SEP	05	535
20112012	SEP	06	270
20112012	SEP	07	231
20112012	SEP	08	331
20112012	SEP	09	360
20112012	SEP	10	603
20112012	SEP	11	694
20112012	SEP	12	232
20112012	SEP	13	240
20112012	SEP	14	198
20112012	SEP	15	213
20112012	SEP	16	200
20112012	SEP	17	431
20112012	SEP	18	691
20112012	SEP	19	237
20112012	SEP	20	220
20112012	SEP	21	170
20112012	SEP	22	181
20112012	SEP	23	254
20112012	SEP	24	477
20112012	SEP	25	736
20112012	SEP	26	260
20112012	SEP	27	438
20112012	SEP	28	374
20112012	SEP	29	323
20112012	SEP	30	396
20122013	APR	01	1354
20122013	APR	02	661
20122013	APR	03	628
20122013	APR	04	954
20122013	APR	05	974
20122013	APR	06	1566
20122013	APR	07	1813
20122013	APR	08	1479
20122013	APR	09	759
20122013	APR	10	704
20122013	APR	11	613
20122013	APR	12	664
20122013	APR	13	911
20122013	APR	14	1782
20122013	APR	15	1620
20122013	APR	16	763
20122013	APR	17	1028
20122013	APR	18	856
20122013	APR	19	900
20122013	APR	20	954
20122013	APR	21	1560
20122013	APR	22	1799
20122013	APR	23	1244
20122013	APR	24	1173
20122013	APR	25	1016
20122013	APR	26	1088
20122013	APR	27	1140
20122013	APR	28	1515
20122013	APR	29	2199
20122013	APR	30	2191
20122013	AUG	01	214
20122013	AUG	02	209
20122013	AUG	03	342
20122013	AUG	04	484
20122013	AUG	05	597
20122013	AUG	06	219
20122013	AUG	07	180
20122013	AUG	08	179
20122013	AUG	09	255
20122013	AUG	10	273
20122013	AUG	11	503
20122013	AUG	12	529
20122013	AUG	13	225
20122013	AUG	14	265
20122013	AUG	15	741
20122013	AUG	16	291
20122013	AUG	17	313
20122013	AUG	18	616
20122013	AUG	19	965
20122013	AUG	20	955
20122013	AUG	21	1108
20122013	AUG	22	1030
20122013	AUG	23	469
20122013	AUG	24	371
20122013	AUG	25	663
20122013	AUG	26	713
20122013	AUG	27	297
20122013	AUG	28	343
20122013	AUG	29	447
20122013	AUG	30	368
20122013	AUG	31	335
20122013	DEC	01	588
20122013	DEC	02	549
20122013	DEC	03	289
20122013	DEC	04	284
20122013	DEC	05	182
20122013	DEC	06	222
20122013	DEC	07	308
20122013	DEC	08	414
20122013	DEC	09	597
20122013	DEC	10	261
20122013	DEC	11	350
20122013	DEC	12	396
20122013	DEC	13	300
20122013	DEC	14	410
20122013	DEC	15	519
20122013	DEC	16	641
20122013	DEC	17	380
20122013	DEC	18	363
20122013	DEC	19	423
20122013	DEC	20	497
20122013	DEC	21	378
20122013	DEC	22	474
20122013	DEC	23	946
20122013	DEC	24	978
20122013	DEC	25	1225
20122013	DEC	26	832
20122013	DEC	27	978
20122013	DEC	28	934
20122013	DEC	29	1067
20122013	DEC	30	1110
20122013	DEC	31	811
20122013	FEB	01	297
20122013	FEB	02	489
20122013	FEB	03	660
20122013	FEB	04	303
20122013	FEB	05	277
20122013	FEB	06	286
20122013	FEB	07	201
20122013	FEB	08	406
20122013	FEB	09	600
20122013	FEB	10	656
20122013	FEB	11	283
20122013	FEB	12	302
20122013	FEB	13	243
20122013	FEB	14	378
20122013	FEB	15	301
20122013	FEB	16	505
20122013	FEB	17	572
20122013	FEB	18	348
20122013	FEB	19	299
20122013	FEB	20	290
20122013	FEB	21	335
20122013	FEB	22	282
20122013	FEB	23	455
20122013	FEB	24	680
20122013	FEB	25	315
20122013	FEB	26	234
20122013	FEB	27	215
20122013	FEB	28	295
20122013	JAN	01	1417
20122013	JAN	02	573
20122013	JAN	03	329
20122013	JAN	04	444
20122013	JAN	05	579
20122013	JAN	06	888
20122013	JAN	07	362
20122013	JAN	08	318
20122013	JAN	09	388
20122013	JAN	10	376
20122013	JAN	11	386
20122013	JAN	12	652
20122013	JAN	13	1137
20122013	JAN	14	1044
20122013	JAN	15	745
20122013	JAN	16	418
20122013	JAN	17	339
20122013	JAN	18	379
20122013	JAN	19	555
20122013	JAN	20	608
20122013	JAN	21	338
20122013	JAN	22	311
20122013	JAN	23	250
20122013	JAN	24	479
20122013	JAN	25	641
20122013	JAN	26	1268
20122013	JAN	27	760
20122013	JAN	28	360
20122013	JAN	29	279
20122013	JAN	30	327
20122013	JAN	31	267
20122013	JUL	01	1072
20122013	JUL	02	357
20122013	JUL	03	312
20122013	JUL	04	373
20122013	JUL	05	421
20122013	JUL	06	370
20122013	JUL	07	752
20122013	JUL	08	989
20122013	JUL	09	471
20122013	JUL	10	373
20122013	JUL	11	416
20122013	JUL	12	385
20122013	JUL	13	320
20122013	JUL	14	838
20122013	JUL	15	705
20122013	JUL	16	342
20122013	JUL	17	342
20122013	JUL	18	305
20122013	JUL	19	288
20122013	JUL	20	329
20122013	JUL	21	456
20122013	JUL	22	511
20122013	JUL	23	181
20122013	JUL	24	198
20122013	JUL	25	201
20122013	JUL	26	190
20122013	JUL	27	281
20122013	JUL	28	442
20122013	JUL	29	564
20122013	JUL	30	271
20122013	JUL	31	210
20122013	JUN	01	1404
20122013	JUN	02	1739
20122013	JUN	03	1834
20122013	JUN	04	980
20122013	JUN	05	910
20122013	JUN	06	691
20122013	JUN	07	630
20122013	JUN	08	748
20122013	JUN	09	1210
20122013	JUN	10	1528
20122013	JUN	11	572
20122013	JUN	12	588
20122013	JUN	13	545
20122013	JUN	14	461
20122013	JUN	15	511
20122013	JUN	16	1088
20122013	JUN	17	1598
20122013	JUN	18	482
20122013	JUN	19	585
20122013	JUN	20	359
20122013	JUN	21	356
20122013	JUN	22	568
20122013	JUN	23	945
20122013	JUN	24	1216
20122013	JUN	25	373
20122013	JUN	26	428
20122013	JUN	27	416
20122013	JUN	28	339
20122013	JUN	29	375
20122013	JUN	30	746
20122013	MAR	01	276
20122013	MAR	02	561
20122013	MAR	03	653
20122013	MAR	04	314
20122013	MAR	05	313
20122013	MAR	06	341
20122013	MAR	07	314
20122013	MAR	08	340
20122013	MAR	09	599
20122013	MAR	10	636
20122013	MAR	11	344
20122013	MAR	12	294
20122013	MAR	13	286
20122013	MAR	14	349
20122013	MAR	15	399
20122013	MAR	16	554
20122013	MAR	17	760
20122013	MAR	18	291
20122013	MAR	19	325
20122013	MAR	20	390
20122013	MAR	21	380
20122013	MAR	22	447
20122013	MAR	23	803
20122013	MAR	24	959
20122013	MAR	25	426
20122013	MAR	26	491
20122013	MAR	27	743
20122013	MAR	28	758
20122013	MAR	29	1450
20122013	MAR	30	1245
20122013	MAR	31	1352
20122013	MAY	01	2389
20122013	MAY	02	1253
20122013	MAY	03	1153
20122013	MAY	04	1260
20122013	MAY	05	1963
20122013	MAY	06	2298
20122013	MAY	07	1857
20122013	MAY	08	1869
20122013	MAY	09	1506
20122013	MAY	10	1462
20122013	MAY	11	1585
20122013	MAY	12	2173
20122013	MAY	13	2580
20122013	MAY	14	1770
20122013	MAY	15	1665
20122013	MAY	16	1112
20122013	MAY	17	1458
20122013	MAY	18	1733
20122013	MAY	19	2167
20122013	MAY	20	2308
20122013	MAY	21	1880
20122013	MAY	22	1821
20122013	MAY	23	1602
20122013	MAY	24	1629
20122013	MAY	25	1775
20122013	MAY	26	2149
20122013	MAY	27	2712
20122013	MAY	28	1847
20122013	MAY	29	1697
20122013	MAY	30	1389
20122013	MAY	31	559
20122013	NOV	01	122
20122013	NOV	02	131
20122013	NOV	03	320
20122013	NOV	04	502
20122013	NOV	05	229
20122013	NOV	06	207
20122013	NOV	07	167
20122013	NOV	08	192
20122013	NOV	09	207
20122013	NOV	10	378
20122013	NOV	11	831
20122013	NOV	12	651
20122013	NOV	13	713
20122013	NOV	14	922
20122013	NOV	15	396
20122013	NOV	16	326
20122013	NOV	17	396
20122013	NOV	18	577
20122013	NOV	19	238
20122013	NOV	20	302
20122013	NOV	21	307
20122013	NOV	22	378
20122013	NOV	23	365
20122013	NOV	24	475
20122013	NOV	25	559
20122013	NOV	26	236
20122013	NOV	27	176
20122013	NOV	28	63
20122013	NOV	29	288
20122013	NOV	30	293
20122013	OCT	01	523
20122013	OCT	02	946
20122013	OCT	03	255
20122013	OCT	04	240
20122013	OCT	05	198
20122013	OCT	07	591
20122013	OCT	08	204
20122013	OCT	09	191
20122013	OCT	10	303
20122013	OCT	11	278
20122013	OCT	12	336
20122013	OCT	13	711
20122013	OCT	14	977
20122013	OCT	15	412
20122013	OCT	16	347
20122013	OCT	17	342
20122013	OCT	18	404
20122013	OCT	19	494
20122013	OCT	20	669
20122013	OCT	21	780
20122013	OCT	22	605
20122013	OCT	23	823
20122013	OCT	24	1506
20122013	OCT	25	1334
20122013	OCT	26	1247
20122013	OCT	27	1810
20122013	OCT	28	1668
20122013	OCT	29	1234
20122013	OCT	30	633
20122013	OCT	31	223
20122013	SEP	01	563
20122013	SEP	02	699
20122013	SEP	03	415
20122013	SEP	04	211
20122013	SEP	05	257
20122013	SEP	06	238
20122013	SEP	07	413
20122013	SEP	08	564
20122013	SEP	09	681
20122013	SEP	10	220
20122013	SEP	11	241
20122013	SEP	12	232
20122013	SEP	13	242
20122013	SEP	14	214
20122013	SEP	15	456
20122013	SEP	16	648
20122013	SEP	17	328
20122013	SEP	18	298
20122013	SEP	19	563
20122013	SEP	21	306
20122013	SEP	22	392
20122013	SEP	23	590
20122013	SEP	24	270
20122013	SEP	25	262
20122013	SEP	26	272
20122013	SEP	27	276
20122013	SEP	28	338
20122013	SEP	29	569
20122013	SEP	30	778
20132014	APR	01	816
20132014	APR	02	734
20132014	APR	03	679
20132014	APR	04	576
20132014	APR	05	657
20132014	APR	06	1175
20132014	APR	07	1404
20132014	APR	08	746
20132014	APR	09	551
20132014	APR	10	600
20132014	APR	11	1364
20132014	APR	12	1290
20132014	APR	13	1703
20132014	APR	14	1622
20132014	APR	15	1033
20132014	APR	16	1078
20132014	APR	17	997
20132014	APR	18	1095
20132014	APR	19	955
20132014	APR	20	1355
20132014	APR	21	1856
20132014	APR	22	1242
20132014	APR	23	1586
20132014	APR	24	1305
20132014	APR	25	1072
20132014	APR	26	1188
20132014	APR	27	1342
20132014	APR	28	1817
20132014	APR	29	1373
20132014	APR	30	1406
20132014	AUG	01	184
20132014	AUG	02	267
20132014	AUG	03	481
20132014	AUG	04	582
20132014	AUG	05	209
20132014	AUG	06	186
20132014	AUG	07	250
20132014	AUG	08	270
20132014	AUG	09	1075
20132014	AUG	10	1639
20132014	AUG	11	1618
20132014	AUG	12	861
20132014	AUG	13	528
20132014	AUG	14	437
20132014	AUG	15	643
20132014	AUG	16	594
20132014	AUG	17	638
20132014	AUG	18	670
20132014	AUG	19	250
20132014	AUG	20	244
20132014	AUG	21	236
20132014	AUG	22	257
20132014	AUG	23	257
20132014	AUG	24	429
20132014	AUG	25	626
20132014	AUG	26	262
20132014	AUG	27	321
20132014	AUG	28	319
20132014	AUG	29	281
20132014	AUG	30	291
20132014	AUG	31	443
20132014	DEC	01	649
20132014	DEC	02	329
20132014	DEC	03	326
20132014	DEC	04	401
20132014	DEC	05	393
20132014	DEC	06	409
20132014	DEC	07	518
20132014	DEC	08	690
20132014	DEC	09	406
20132014	DEC	10	382
20132014	DEC	11	417
20132014	DEC	12	350
20132014	DEC	13	506
20132014	DEC	14	554
20132014	DEC	15	657
20132014	DEC	16	398
20132014	DEC	17	424
20132014	DEC	18	457
20132014	DEC	19	498
20132014	DEC	20	583
20132014	DEC	21	561
20132014	DEC	22	801
20132014	DEC	23	658
20132014	DEC	24	918
20132014	DEC	25	1244
20132014	DEC	26	992
20132014	DEC	27	1031
20132014	DEC	28	1147
20132014	DEC	29	1200
20132014	DEC	30	1089
20132014	DEC	31	773
20132014	FEB	01	516
20132014	FEB	02	723
20132014	FEB	03	361
20132014	FEB	04	293
20132014	FEB	05	304
20132014	FEB	06	267
20132014	FEB	07	398
20132014	FEB	08	500
20132014	FEB	09	562
20132014	FEB	10	314
20132014	FEB	11	299
20132014	FEB	12	352
20132014	FEB	13	388
20132014	FEB	14	468
20132014	FEB	15	638
20132014	FEB	16	655
20132014	FEB	17	450
20132014	FEB	18	378
20132014	FEB	19	340
20132014	FEB	20	321
20132014	FEB	21	477
20132014	FEB	22	682
20132014	FEB	23	748
20132014	FEB	24	333
20132014	FEB	25	402
20132014	FEB	26	451
20132014	FEB	27	440
20132014	FEB	28	331
20132014	JAN	01	1220
20132014	JAN	02	574
20132014	JAN	03	573
20132014	JAN	04	635
20132014	JAN	05	714
20132014	JAN	06	465
20132014	JAN	07	511
20132014	JAN	08	494
20132014	JAN	09	482
20132014	JAN	10	538
20132014	JAN	11	658
20132014	JAN	12	847
20132014	JAN	13	856
20132014	JAN	14	1105
20132014	JAN	15	911
20132014	JAN	16	617
20132014	JAN	17	642
20132014	JAN	18	617
20132014	JAN	19	656
20132014	JAN	20	354
20132014	JAN	21	392
20132014	JAN	22	273
20132014	JAN	23	368
20132014	JAN	24	389
20132014	JAN	25	556
20132014	JAN	26	730
20132014	JAN	27	300
20132014	JAN	28	345
20132014	JAN	29	299
20132014	JAN	30	358
20132014	JAN	31	371
20132014	JUL	01	351
20132014	JUL	02	293
20132014	JUL	03	287
20132014	JUL	04	360
20132014	JUL	05	390
20132014	JUL	06	733
20132014	JUL	07	881
20132014	JUL	08	376
20132014	JUL	09	334
20132014	JUL	10	278
20132014	JUL	11	267
20132014	JUL	12	264
20132014	JUL	13	552
20132014	JUL	14	598
20132014	JUL	15	247
20132014	JUL	16	253
20132014	JUL	17	243
20132014	JUL	18	249
20132014	JUL	19	263
20132014	JUL	20	403
20132014	JUL	21	443
20132014	JUL	22	235
20132014	JUL	23	193
20132014	JUL	24	238
20132014	JUL	25	210
20132014	JUL	26	289
20132014	JUL	27	679
20132014	JUL	28	789
20132014	JUL	29	231
20132014	JUL	30	239
20132014	JUL	31	217
20132014	JUN	01	1377
20132014	JUN	02	1584
20132014	JUN	03	766
20132014	JUN	04	835
20132014	JUN	05	691
20132014	JUN	06	734
20132014	JUN	07	845
20132014	JUN	08	1448
20132014	JUN	09	1488
20132014	JUN	10	587
20132014	JUN	11	561
20132014	JUN	12	496
20132014	JUN	13	510
20132014	JUN	14	520
20132014	JUN	15	853
20132014	JUN	16	1091
20132014	JUN	17	453
20132014	JUN	18	445
20132014	JUN	19	372
20132014	JUN	20	390
20132014	JUN	21	387
20132014	JUN	22	702
20132014	JUN	23	874
20132014	JUN	24	322
20132014	JUN	25	340
20132014	JUN	26	340
20132014	JUN	27	331
20132014	JUN	28	396
20132014	JUN	29	760
20132014	JUN	30	809
20132014	MAR	01	594
20132014	MAR	02	703
20132014	MAR	03	283
20132014	MAR	04	337
20132014	MAR	05	389
20132014	MAR	06	430
20132014	MAR	07	456
20132014	MAR	08	775
20132014	MAR	09	727
20132014	MAR	10	349
20132014	MAR	11	301
20132014	MAR	12	312
20132014	MAR	13	305
20132014	MAR	14	319
20132014	MAR	15	683
20132014	MAR	16	1031
20132014	MAR	17	648
20132014	MAR	18	435
20132014	MAR	19	406
20132014	MAR	20	432
20132014	MAR	21	401
20132014	MAR	22	665
20132014	MAR	23	973
20132014	MAR	24	467
20132014	MAR	25	418
20132014	MAR	26	446
20132014	MAR	27	721
20132014	MAR	28	803
20132014	MAR	29	1198
20132014	MAR	30	1857
20132014	MAR	31	1378
20132014	MAY	01	2696
20132014	MAY	02	1311
20132014	MAY	03	1314
20132014	MAY	04	1793
20132014	MAY	05	1673
20132014	MAY	06	1332
20132014	MAY	07	1571
20132014	MAY	08	1266
20132014	MAY	09	1650
20132014	MAY	10	1842
20132014	MAY	11	2066
20132014	MAY	12	2454
20132014	MAY	13	1955
20132014	MAY	14	1640
20132014	MAY	15	1413
20132014	MAY	16	1513
20132014	MAY	17	1667
20132014	MAY	18	2082
20132014	MAY	19	2724
20132014	MAY	20	1675
20132014	MAY	21	1624
20132014	MAY	22	1490
20132014	MAY	23	1602
20132014	MAY	24	1906
20132014	MAY	25	2266
20132014	MAY	26	2498
20132014	MAY	27	1862
20132014	MAY	28	1623
20132014	MAY	29	1288
20132014	MAY	30	1162
20132014	MAY	31	1369
20132014	NOV	01	940
20132014	NOV	02	1080
20132014	NOV	03	805
20132014	NOV	04	1217
20132014	NOV	05	393
20132014	NOV	06	295
20132014	NOV	07	271
20132014	NOV	08	346
20132014	NOV	09	561
20132014	NOV	10	658
20132014	NOV	11	307
20132014	NOV	12	301
20132014	NOV	13	311
20132014	NOV	14	232
20132014	NOV	15	393
20132014	NOV	16	391
20132014	NOV	17	336
20132014	NOV	18	233
20132014	NOV	19	304
20132014	NOV	20	296
20132014	NOV	21	194
20132014	NOV	22	210
20132014	NOV	23	379
20132014	NOV	24	474
20132014	NOV	25	213
20132014	NOV	26	218
20132014	NOV	27	200
20132014	NOV	28	239
20132014	NOV	29	399
20132014	NOV	30	511
20132014	OCT	01	459
20132014	OCT	02	1142
20132014	OCT	03	395
20132014	OCT	04	399
20132014	OCT	05	583
20132014	OCT	06	889
20132014	OCT	07	429
20132014	OCT	08	368
20132014	OCT	09	392
20132014	OCT	10	526
20132014	OCT	11	622
20132014	OCT	12	835
20132014	OCT	13	1429
20132014	OCT	14	2230
20132014	OCT	15	1535
20132014	OCT	16	1648
20132014	OCT	17	1667
20132014	OCT	18	1403
20132014	OCT	19	1565
20132014	OCT	20	1473
20132014	OCT	21	555
20132014	OCT	22	336
20132014	OCT	23	290
20132014	OCT	24	242
20132014	OCT	25	324
20132014	OCT	26	416
20132014	OCT	27	830
20132014	OCT	28	340
20132014	OCT	29	247
20132014	OCT	30	268
20132014	OCT	31	272
20132014	SEP	01	869
20132014	SEP	02	302
20132014	SEP	03	295
20132014	SEP	04	223
20132014	SEP	05	319
20132014	SEP	06	295
20132014	SEP	07	484
20132014	SEP	08	929
20132014	SEP	09	490
20132014	SEP	10	244
20132014	SEP	11	157
20132014	SEP	12	192
20132014	SEP	13	230
20132014	SEP	14	392
20132014	SEP	15	721
20132014	SEP	16	349
20132014	SEP	17	330
20132014	SEP	18	309
20132014	SEP	19	272
20132014	SEP	20	330
20132014	SEP	21	449
20132014	SEP	22	707
20132014	SEP	23	259
20132014	SEP	24	256
20132014	SEP	25	298
20132014	SEP	26	364
20132014	SEP	27	390
20132014	SEP	28	641
20132014	SEP	29	900
20132014	SEP	30	342
20142015	APR	01	956
20142015	APR	02	848
20142015	APR	03	863
20142015	APR	04	736
20142015	APR	05	1184
20142015	APR	06	1359
20142015	APR	07	819
20142015	APR	08	852
20142015	APR	09	746
20142015	APR	10	843
20142015	APR	11	1104
20142015	APR	12	1350
20142015	APR	13	2179
20142015	APR	14	1525
20142015	APR	15	1298
20142015	APR	16	1093
20142015	APR	17	1815
20142015	APR	18	1775
20142015	APR	19	1905
20142015	APR	20	1937
20142015	APR	21	1191
20142015	APR	22	1135
20142015	APR	23	1038
20142015	APR	24	1221
20142015	APR	25	1251
20142015	APR	26	1458
20142015	APR	27	2179
20142015	APR	28	1522
20142015	APR	29	1753
20142015	APR	30	1717
20142015	AUG	01	620
20142015	AUG	02	863
20142015	AUG	03	929
20142015	AUG	04	332
20142015	AUG	05	289
20142015	AUG	06	272
20142015	AUG	07	342
20142015	AUG	08	442
20142015	AUG	09	715
20142015	AUG	10	723
20142015	AUG	11	379
20142015	AUG	12	310
20142015	AUG	13	329
20142015	AUG	14	466
20142015	AUG	15	1233
20142015	AUG	16	1457
20142015	AUG	17	996
20142015	AUG	18	402
20142015	AUG	19	282
20142015	AUG	20	278
20142015	AUG	21	267
20142015	AUG	22	351
20142015	AUG	23	601
20142015	AUG	24	749
20142015	AUG	25	313
20142015	AUG	26	321
20142015	AUG	27	283
20142015	AUG	28	276
20142015	AUG	29	652
20142015	AUG	30	895
20142015	AUG	31	622
20142015	DEC	01	367
20142015	DEC	02	420
20142015	DEC	03	435
20142015	DEC	04	342
20142015	DEC	05	361
20142015	DEC	06	571
20142015	DEC	07	627
20142015	DEC	08	377
20142015	DEC	09	335
20142015	DEC	10	360
20142015	DEC	11	442
20142015	DEC	12	449
20142015	DEC	13	677
20142015	DEC	14	656
20142015	DEC	15	403
20142015	DEC	16	358
20142015	DEC	17	414
20142015	DEC	18	527
20142015	DEC	19	501
20142015	DEC	20	576
20142015	DEC	21	861
20142015	DEC	22	729
20142015	DEC	23	949
20142015	DEC	24	695
20142015	DEC	25	1554
20142015	DEC	26	1477
20142015	DEC	27	1566
20142015	DEC	28	1417
20142015	DEC	29	997
20142015	DEC	30	961
20142015	DEC	31	796
20142015	FEB	01	725
20142015	FEB	02	334
20142015	FEB	03	371
20142015	FEB	04	302
20142015	FEB	05	359
20142015	FEB	06	322
20142015	FEB	07	560
20142015	FEB	08	749
20142015	FEB	09	274
20142015	FEB	10	337
20142015	FEB	11	331
20142015	FEB	12	362
20142015	FEB	13	384
20142015	FEB	14	813
20142015	FEB	15	722
20142015	FEB	16	644
20142015	FEB	17	571
20142015	FEB	18	412
20142015	FEB	19	351
20142015	FEB	20	339
20142015	FEB	21	582
20142015	FEB	22	601
20142015	FEB	23	384
20142015	FEB	24	328
20142015	FEB	25	320
20142015	FEB	26	309
20142015	FEB	27	370
20142015	FEB	28	593
20142015	JAN	01	1119
20142015	JAN	02	1061
20142015	JAN	03	1124
20142015	JAN	04	1059
20142015	JAN	05	657
20142015	JAN	06	505
20142015	JAN	07	465
20142015	JAN	08	453
20142015	JAN	09	463
20142015	JAN	10	839
20142015	JAN	11	863
20142015	JAN	12	587
20142015	JAN	13	705
20142015	JAN	14	622
20142015	JAN	15	1015
20142015	JAN	16	1098
20142015	JAN	17	986
20142015	JAN	18	791
20142015	JAN	19	405
20142015	JAN	20	338
20142015	JAN	21	424
20142015	JAN	22	288
20142015	JAN	23	333
20142015	JAN	24	765
20142015	JAN	25	1447
20142015	JAN	26	1022
20142015	JAN	27	413
20142015	JAN	28	369
20142015	JAN	29	275
20142015	JAN	30	266
20142015	JAN	31	505
20142015	JUL	01	321
20142015	JUL	02	331
20142015	JUL	03	351
20142015	JUL	04	495
20142015	JUL	05	793
20142015	JUL	06	791
20142015	JUL	07	411
20142015	JUL	08	243
20142015	JUL	09	290
20142015	JUL	10	300
20142015	JUL	11	363
20142015	JUL	12	670
20142015	JUL	13	674
20142015	JUL	14	316
20142015	JUL	15	321
20142015	JUL	16	350
20142015	JUL	17	284
20142015	JUL	18	319
20142015	JUL	19	645
20142015	JUL	20	782
20142015	JUL	21	337
20142015	JUL	22	254
20142015	JUL	23	287
20142015	JUL	24	261
20142015	JUL	25	296
20142015	JUL	26	580
20142015	JUL	27	825
20142015	JUL	28	490
20142015	JUL	29	808
20142015	JUL	30	1292
20142015	JUL	31	846
20142015	JUN	01	2041
20142015	JUN	02	1106
20142015	JUN	03	1068
20142015	JUN	04	902
20142015	JUN	05	807
20142015	JUN	06	988
20142015	JUN	07	1374
20142015	JUN	08	1571
20142015	JUN	09	885
20142015	JUN	10	598
20142015	JUN	11	635
20142015	JUN	12	585
20142015	JUN	13	754
20142015	JUN	14	1349
20142015	JUN	15	1357
20142015	JUN	16	572
20142015	JUN	17	558
20142015	JUN	18	604
20142015	JUN	19	495
20142015	JUN	20	655
20142015	JUN	21	960
20142015	JUN	22	1169
20142015	JUN	23	483
20142015	JUN	24	575
20142015	JUN	25	459
20142015	JUN	26	486
20142015	JUN	27	590
20142015	JUN	28	782
20142015	JUN	29	955
20142015	JUN	30	355
20142015	MAR	01	775
20142015	MAR	02	385
20142015	MAR	03	435
20142015	MAR	04	381
20142015	MAR	05	482
20142015	MAR	06	726
20142015	MAR	07	773
20142015	MAR	08	908
20142015	MAR	09	390
20142015	MAR	10	355
20142015	MAR	11	420
20142015	MAR	12	373
20142015	MAR	13	445
20142015	MAR	14	855
20142015	MAR	15	883
20142015	MAR	16	376
20142015	MAR	17	384
20142015	MAR	18	405
20142015	MAR	19	336
20142015	MAR	20	372
20142015	MAR	21	1131
20142015	MAR	22	959
20142015	MAR	23	463
20142015	MAR	24	548
20142015	MAR	25	557
20142015	MAR	26	493
20142015	MAR	27	722
20142015	MAR	28	1070
20142015	MAR	29	1440
20142015	MAR	30	1069
20142015	MAR	31	860
20142015	MAY	01	2783
20142015	MAY	02	1704
20142015	MAY	03	1921
20142015	MAY	04	2225
20142015	MAY	05	1954
20142015	MAY	06	1487
20142015	MAY	07	1370
20142015	MAY	08	1162
20142015	MAY	09	1139
20142015	MAY	10	1927
20142015	MAY	11	1960
20142015	MAY	12	1875
20142015	MAY	13	1598
20142015	MAY	14	1729
20142015	MAY	15	1656
20142015	MAY	16	1507
20142015	MAY	17	1938
20142015	MAY	18	2424
20142015	MAY	19	1948
20142015	MAY	20	1831
20142015	MAY	21	1708
20142015	MAY	22	1439
20142015	MAY	23	1954
20142015	MAY	24	2080
20142015	MAY	25	2585
20142015	MAY	26	2046
20142015	MAY	27	1751
20142015	MAY	28	1703
20142015	MAY	29	1657
20142015	MAY	30	1735
20142015	MAY	31	1854
20142015	NOV	01	1149
20142015	NOV	02	817
20142015	NOV	03	459
20142015	NOV	04	540
20142015	NOV	05	276
20142015	NOV	06	321
20142015	NOV	07	337
20142015	NOV	08	758
20142015	NOV	09	618
20142015	NOV	10	285
20142015	NOV	11	282
20142015	NOV	12	278
20142015	NOV	13	190
20142015	NOV	14	229
20142015	NOV	15	470
20142015	NOV	16	611
20142015	NOV	17	252
20142015	NOV	18	273
20142015	NOV	19	269
20142015	NOV	20	221
20142015	NOV	21	333
20142015	NOV	22	591
20142015	NOV	23	660
20142015	NOV	24	423
20142015	NOV	25	330
20142015	NOV	26	255
20142015	NOV	27	390
20142015	NOV	28	441
20142015	NOV	29	613
20142015	NOV	30	660
20142015	OCT	01	801
20142015	OCT	02	2033
20142015	OCT	03	2433
20142015	OCT	04	2843
20142015	OCT	05	2173
20142015	OCT	06	1579
20142015	OCT	07	1486
20142015	OCT	08	1309
20142015	OCT	09	765
20142015	OCT	10	669
20142015	OCT	11	972
20142015	OCT	12	1005
20142015	OCT	13	543
20142015	OCT	14	599
20142015	OCT	15	498
20142015	OCT	16	488
20142015	OCT	17	462
20142015	OCT	18	763
20142015	OCT	19	782
20142015	OCT	20	440
20142015	OCT	21	394
20142015	OCT	22	705
20142015	OCT	23	775
20142015	OCT	24	1343
20142015	OCT	25	1162
20142015	OCT	26	524
20142015	OCT	27	361
20142015	OCT	28	367
20142015	OCT	29	374
20142015	OCT	30	331
20142015	OCT	31	434
20142015	SEP	01	299
20142015	SEP	02	249
20142015	SEP	03	207
20142015	SEP	04	244
20142015	SEP	05	344
20142015	SEP	06	600
20142015	SEP	07	710
20142015	SEP	08	476
20142015	SEP	09	415
20142015	SEP	10	414
20142015	SEP	11	337
20142015	SEP	12	379
20142015	SEP	13	720
20142015	SEP	14	900
20142015	SEP	15	296
20142015	SEP	16	300
20142015	SEP	17	296
20142015	SEP	18	329
20142015	SEP	19	358
20142015	SEP	20	532
20142015	SEP	21	664
20142015	SEP	22	355
20142015	SEP	23	231
20142015	SEP	24	413
20142015	SEP	25	275
20142015	SEP	26	439
20142015	SEP	27	686
20142015	SEP	28	908
20142015	SEP	29	518
20142015	SEP	30	635
20152016	APR	01	966
20152016	APR	02	1775
20152016	APR	03	2252
20152016	APR	04	1967
20152016	APR	05	1747
20152016	APR	06	863
20152016	APR	07	913
20152016	APR	08	860
20152016	APR	09	804
20152016	APR	10	847
20152016	APR	11	1237
20152016	APR	12	1723
20152016	APR	13	1198
20152016	APR	14	1299
20152016	APR	15	931
20152016	APR	16	964
20152016	APR	17	1099
20152016	APR	19	2144
20152016	APR	20	1309
20152016	APR	21	1212
20152016	APR	22	1118
20152016	APR	23	1113
20152016	APR	24	1193
20152016	APR	25	1448
20152016	APR	26	1790
20152016	APR	27	1351
20152016	APR	28	1381
20152016	APR	29	1322
20152016	APR	30	1273
20152016	AUG	01	925
20152016	AUG	02	857
20152016	AUG	03	418
20152016	AUG	04	382
20152016	AUG	05	364
20152016	AUG	06	404
20152016	AUG	07	395
20152016	AUG	08	778
20152016	AUG	09	790
20152016	AUG	10	413
20152016	AUG	11	368
20152016	AUG	12	348
20152016	AUG	13	448
20152016	AUG	14	524
20152016	AUG	15	1376
20152016	AUG	16	925
20152016	AUG	17	352
20152016	AUG	18	356
20152016	AUG	19	287
20152016	AUG	20	335
20152016	AUG	21	443
20152016	AUG	22	693
20152016	AUG	23	648
20152016	AUG	24	331
20152016	AUG	25	398
20152016	AUG	26	313
20152016	AUG	27	346
20152016	AUG	28	528
20152016	AUG	29	704
20152016	AUG	30	884
20152016	AUG	31	396
20152016	DEC	01	578
20152016	DEC	02	499
20152016	DEC	03	549
20152016	DEC	04	417
20152016	DEC	05	555
20152016	DEC	06	666
20152016	DEC	07	404
20152016	DEC	08	385
20152016	DEC	09	404
20152016	DEC	10	613
20152016	DEC	11	631
20152016	DEC	12	876
20152016	DEC	13	790
20152016	DEC	14	538
20152016	DEC	15	494
20152016	DEC	16	599
20152016	DEC	17	721
20152016	DEC	18	646
20152016	DEC	19	701
20152016	DEC	20	709
20152016	DEC	21	708
20152016	DEC	22	719
20152016	DEC	23	956
20152016	DEC	24	901
20152016	DEC	25	1755
20152016	DEC	26	1792
20152016	DEC	27	1252
20152016	DEC	28	878
20152016	DEC	29	990
20152016	DEC	30	1104
20152016	DEC	31	852
20152016	FEB	01	427
20152016	FEB	02	409
20152016	FEB	03	350
20152016	FEB	04	411
20152016	FEB	05	436
20152016	FEB	06	709
20152016	FEB	07	907
20152016	FEB	08	435
20152016	FEB	09	359
20152016	FEB	10	456
20152016	FEB	11	501
20152016	FEB	12	461
20152016	FEB	13	822
20152016	FEB	14	1080
20152016	FEB	15	620
20152016	FEB	16	513
20152016	FEB	17	476
20152016	FEB	18	475
20152016	FEB	19	537
20152016	FEB	20	710
20152016	FEB	21	794
20152016	FEB	22	496
20152016	FEB	23	460
20152016	FEB	24	408
20152016	FEB	25	461
20152016	FEB	26	556
20152016	FEB	27	751
20152016	FEB	28	737
20152016	FEB	29	538
20152016	JAN	01	1710
20152016	JAN	02	1697
20152016	JAN	03	1029
20152016	JAN	04	571
20152016	JAN	05	568
20152016	JAN	06	591
20152016	JAN	07	594
20152016	JAN	08	507
20152016	JAN	09	848
20152016	JAN	10	971
20152016	JAN	11	633
20152016	JAN	12	554
20152016	JAN	13	551
20152016	JAN	14	744
20152016	JAN	15	1159
20152016	JAN	16	1277
20152016	JAN	17	779
20152016	JAN	18	543
20152016	JAN	19	407
20152016	JAN	20	394
20152016	JAN	21	412
20152016	JAN	22	452
20152016	JAN	23	533
20152016	JAN	24	743
20152016	JAN	25	945
20152016	JAN	26	857
20152016	JAN	27	423
20152016	JAN	28	386
20152016	JAN	29	392
20152016	JAN	30	579
20152016	JAN	31	602
20152016	JUL	01	363
20152016	JUL	02	399
20152016	JUL	03	660
20152016	JUL	04	897
20152016	JUL	05	1030
20152016	JUL	06	517
20152016	JUL	07	442
20152016	JUL	08	443
20152016	JUL	09	413
20152016	JUL	10	400
20152016	JUL	11	795
20152016	JUL	12	933
20152016	JUL	13	392
20152016	JUL	14	317
20152016	JUL	15	335
20152016	JUL	16	445
20152016	JUL	17	524
20152016	JUL	18	1109
20152016	JUL	19	1507
20152016	JUL	20	1249
20152016	JUL	21	673
20152016	JUL	22	639
20152016	JUL	23	530
20152016	JUL	24	470
20152016	JUL	25	956
20152016	JUL	26	865
20152016	JUL	27	460
20152016	JUL	28	494
20152016	JUL	29	404
20152016	JUL	30	430
20152016	JUL	31	438
20152016	JUN	01	1301
20152016	JUN	02	987
20152016	JUN	03	913
20152016	JUN	04	877
20152016	JUN	05	929
20152016	JUN	06	1406
20152016	JUN	07	1661
20152016	JUN	08	970
20152016	JUN	09	820
20152016	JUN	10	764
20152016	JUN	11	812
20152016	JUN	12	889
20152016	JUN	13	1462
20152016	JUN	14	1402
20152016	JUN	15	750
20152016	JUN	16	831
20152016	JUN	17	612
20152016	JUN	18	519
20152016	JUN	19	574
20152016	JUN	20	835
20152016	JUN	21	933
20152016	JUN	22	458
20152016	JUN	23	435
20152016	JUN	24	363
20152016	JUN	25	373
20152016	JUN	26	443
20152016	JUN	27	777
20152016	JUN	28	1155
20152016	JUN	29	481
20152016	JUN	30	401
20152016	MAR	01	323
20152016	MAR	02	480
20152016	MAR	03	462
20152016	MAR	04	595
20152016	MAR	05	831
20152016	MAR	06	1163
20152016	MAR	07	866
20152016	MAR	08	688
20152016	MAR	09	536
20152016	MAR	10	814
20152016	MAR	11	657
20152016	MAR	12	1035
20152016	MAR	13	1071
20152016	MAR	14	684
20152016	MAR	15	683
20152016	MAR	16	575
20152016	MAR	17	764
20152016	MAR	18	686
20152016	MAR	19	754
20152016	MAR	20	903
20152016	MAR	21	635
20152016	MAR	22	650
20152016	MAR	23	826
20152016	MAR	24	1608
20152016	MAR	25	2240
20152016	MAR	26	1746
20152016	MAR	27	1299
20152016	MAR	28	890
20152016	MAR	29	983
20152016	MAR	30	1001
20152016	MAR	31	1014
20152016	MAY	01	2731
20152016	MAY	02	2718
20152016	MAY	03	2193
20152016	MAY	04	1598
20152016	MAY	05	1288
20152016	MAY	06	1208
20152016	MAY	07	1333
20152016	MAY	08	1605
20152016	MAY	09	1967
20152016	MAY	10	1883
20152016	MAY	11	2084
20152016	MAY	12	1783
20152016	MAY	13	1470
20152016	MAY	14	1695
20152016	MAY	15	1968
20152016	MAY	16	2405
20152016	MAY	17	2245
20152016	MAY	18	2032
20152016	MAY	19	1950
20152016	MAY	20	1745
20152016	MAY	21	2014
20152016	MAY	22	2230
20152016	MAY	23	2595
20152016	MAY	24	2964
20152016	MAY	25	2362
20152016	MAY	26	2089
20152016	MAY	27	1876
20152016	MAY	28	1577
20152016	MAY	29	1725
20152016	MAY	30	1962
20152016	MAY	31	2079
20152016	NOV	01	733
20152016	NOV	02	310
20152016	NOV	03	309
20152016	NOV	04	240
20152016	NOV	05	213
20152016	NOV	06	284
20152016	NOV	07	416
20152016	NOV	08	586
20152016	NOV	09	457
20152016	NOV	10	153
20152016	NOV	11	237
20152016	NOV	12	574
20152016	NOV	13	337
20152016	NOV	14	483
20152016	NOV	15	327
20152016	NOV	16	127
20152016	NOV	17	146
20152016	NOV	18	135
20152016	NOV	19	186
20152016	NOV	20	251
20152016	NOV	21	257
20152016	NOV	22	315
20152016	NOV	23	203
20152016	NOV	24	178
20152016	NOV	25	314
20152016	NOV	26	283
20152016	NOV	27	420
20152016	NOV	28	613
20152016	NOV	29	495
20152016	NOV	30	717
20152016	OCT	01	596
20152016	OCT	02	1555
20152016	OCT	03	1417
20152016	OCT	04	756
20152016	OCT	05	295
20152016	OCT	06	325
20152016	OCT	07	228
20152016	OCT	08	283
20152016	OCT	09	364
20152016	OCT	10	756
20152016	OCT	11	927
20152016	OCT	12	538
20152016	OCT	13	515
20152016	OCT	14	440
20152016	OCT	15	350
20152016	OCT	16	437
20152016	OCT	17	717
20152016	OCT	18	1032
20152016	OCT	19	799
20152016	OCT	20	846
20152016	OCT	21	887
20152016	OCT	22	1450
20152016	OCT	23	2345
20152016	OCT	24	2541
20152016	OCT	25	1380
20152016	OCT	26	1711
20152016	OCT	27	1022
20152016	OCT	28	470
20152016	OCT	29	368
20152016	OCT	30	352
20152016	OCT	31	587
20152016	SEP	01	291
20152016	SEP	02	326
20152016	SEP	03	312
20152016	SEP	04	390
20152016	SEP	05	604
20152016	SEP	06	748
20152016	SEP	07	402
20152016	SEP	08	232
20152016	SEP	09	288
20152016	SEP	10	266
20152016	SEP	11	432
20152016	SEP	12	668
20152016	SEP	13	590
20152016	SEP	14	325
20152016	SEP	15	298
20152016	SEP	16	237
20152016	SEP	17	552
20152016	SEP	18	451
20152016	SEP	19	496
20152016	SEP	20	440
20152016	SEP	21	231
20152016	SEP	22	243
20152016	SEP	23	229
20152016	SEP	24	335
20152016	SEP	25	925
20152016	SEP	27	1344
20152016	SEP	28	473
20152016	SEP	29	439
20152016	SEP	30	353
20162017	APR	01	1049
20162017	APR	02	1268
20162017	APR	03	1484
20162017	APR	04	886
20162017	APR	05	825
20162017	APR	06	845
20162017	APR	07	790
20162017	APR	08	1696
20162017	APR	09	2188
20162017	APR	10	1541
20162017	APR	11	774
20162017	APR	12	824
20162017	APR	13	887
20162017	APR	14	1565
20162017	APR	15	1152
20162017	APR	16	1401
20162017	APR	17	2273
20162017	APR	18	1211
20162017	APR	19	1432
20162017	APR	20	1042
20162017	APR	21	1061
20162017	APR	22	884
20162017	APR	23	1443
20162017	APR	24	1648
20162017	APR	25	955
20162017	APR	26	1190
20162017	APR	27	1199
20162017	APR	28	1146
20162017	APR	29	1087
20162017	APR	30	1641
20162017	AUG	01	324
20162017	AUG	02	304
20162017	AUG	03	329
20162017	AUG	04	340
20162017	AUG	05	324
20162017	AUG	06	532
20162017	AUG	07	775
20162017	AUG	08	350
20162017	AUG	09	260
20162017	AUG	10	275
20162017	AUG	11	302
20162017	AUG	12	578
20162017	AUG	13	1134
20162017	AUG	14	2036
20162017	AUG	15	1260
20162017	AUG	16	407
20162017	AUG	17	381
20162017	AUG	18	362
20162017	AUG	19	452
20162017	AUG	20	585
20162017	AUG	21	601
20162017	AUG	22	280
20162017	AUG	23	333
20162017	AUG	24	314
20162017	AUG	25	453
20162017	AUG	26	387
20162017	AUG	27	500
20162017	AUG	28	534
20162017	AUG	29	325
20162017	AUG	30	245
20162017	AUG	31	209
20162017	JUL	01	328
20162017	JUL	02	520
20162017	JUL	03	615
20162017	JUL	04	403
20162017	JUL	05	359
20162017	JUL	06	580
20162017	JUL	07	651
20162017	JUL	08	972
20162017	JUL	09	1470
20162017	JUL	10	984
20162017	JUL	11	606
20162017	JUL	12	525
20162017	JUL	13	456
20162017	JUL	14	501
20162017	JUL	15	500
20162017	JUL	16	769
20162017	JUL	17	821
20162017	JUL	18	476
20162017	JUL	19	392
20162017	JUL	20	381
20162017	JUL	21	366
20162017	JUL	22	416
20162017	JUL	23	692
20162017	JUL	24	746
20162017	JUL	25	494
20162017	JUL	26	484
20162017	JUL	27	340
20162017	JUL	28	392
20162017	JUL	29	329
20162017	JUL	31	799
20162017	JUN	01	994
20162017	JUN	02	1026
20162017	JUN	03	1088
20162017	JUN	04	1381
20162017	JUN	05	1722
20162017	JUN	06	745
20162017	JUN	07	709
20162017	JUN	08	583
20162017	JUN	09	557
20162017	JUN	10	693
20162017	JUN	11	1180
20162017	JUN	12	1042
20162017	JUN	13	619
20162017	JUN	14	555
20162017	JUN	15	449
20162017	JUN	16	429
20162017	JUN	17	635
20162017	JUN	18	823
20162017	JUN	19	961
20162017	JUN	20	467
20162017	JUN	21	395
20162017	JUN	22	350
20162017	JUN	23	279
20162017	JUN	24	534
20162017	JUN	25	554
20162017	JUN	26	637
20162017	JUN	27	289
20162017	JUN	28	266
20162017	JUN	29	165
20162017	JUN	30	194
20162017	MAY	01	2200
20162017	MAY	02	1279
20162017	MAY	03	1362
20162017	MAY	04	1356
20162017	MAY	05	1505
20162017	MAY	06	1616
20162017	MAY	07	1891
20162017	MAY	08	2476
20162017	MAY	09	1699
20162017	MAY	10	1621
20162017	MAY	11	1516
20162017	MAY	12	1734
20162017	MAY	13	1750
20162017	MAY	14	2763
20162017	MAY	15	2681
20162017	MAY	16	1773
20162017	MAY	17	1633
20162017	MAY	18	1481
20162017	MAY	19	1268
20162017	MAY	20	1640
20162017	MAY	21	2136
20162017	MAY	22	2572
20162017	MAY	23	1786
20162017	MAY	24	1819
20162017	MAY	25	1554
20162017	MAY	26	1641
20162017	MAY	27	1975
20162017	MAY	28	2715
20162017	MAY	29	2405
20162017	MAY	30	1958
20162017	MAY	31	1302
20162017	OCT	01	527
20162017	OCT	02	817
20162017	OCT	03	326
20162017	OCT	04	370
20162017	OCT	05	384
20162017	OCT	06	394
20162017	OCT	07	474
20162017	OCT	08	1116
20162017	OCT	09	1732
20162017	OCT	10	2234
20162017	OCT	11	2861
20162017	OCT	12	1554
20162017	OCT	13	995
20162017	OCT	14	917
20162017	OCT	15	1388
20162017	OCT	16	1181
20162017	SEP	01	263
20162017	SEP	03	745
20162017	SEP	04	1030
20162017	SEP	05	727
20162017	SEP	06	245
20162017	SEP	07	223
20162017	SEP	08	226
20162017	SEP	10	540
20162017	SEP	11	632
20162017	SEP	12	387
20162017	SEP	14	170
20162017	SEP	15	264
20162017	SEP	16	200
20162017	SEP	17	293
20162017	SEP	18	542
20162017	SEP	19	200
20162017	SEP	20	151
20162017	SEP	21	169
20162017	SEP	22	246
20162017	SEP	23	255
20162017	SEP	24	362
20162017	SEP	25	526
20162017	SEP	26	224
20162017	SEP	27	216
20162017	SEP	28	225
20162017	SEP	29	311
20162017	SEP	30	273
