--Below Data corresponding to Wonderla Bangalore.(Weekly count)

Year     Month Week Total_Tickets
----     ----  ---- -------------
20062007	APR	1	7413
20062007	APR	2	9085
20062007	APR	3	9193
20062007	APR	4	11388
20062007	APR	5	4606
20072008	APR	1	7939
20072008	APR	2	7877
20072008	APR	3	9155
20072008	APR	4	8893
20072008	APR	5	3894
20082009	APR	1	3221
20082009	APR	2	3731
20082009	APR	3	4044
20082009	APR	4	4291
20082009	APR	5	1132
20092010	APR	1	3925
20092010	APR	2	6291
20092010	APR	3	5043
20092010	APR	4	5992
20092010	APR	5	1433
20102011	APR	1	5975
20102011	APR	2	6245
20102011	APR	3	6963
20102011	APR	4	7305
20102011	APR	5	1931
20112012	APR	1	5746
20112012	APR	2	6814
20112012	APR	3	9058
20112012	APR	4	8319
20112012	APR	5	2439
20122013	APR	1	7950
20122013	APR	2	6912
20122013	APR	3	7681
20122013	APR	4	8975
20122013	APR	5	4390
20132014	APR	1	6041
20132014	APR	2	7876
20132014	APR	3	8369
20132014	APR	4	9552
20132014	APR	5	2779
20142015	APR	1	6765
20142015	APR	2	8599
20142015	APR	3	11014
20142015	APR	4	9804
20142015	APR	5	3470
20152016	APR	1	10483
20152016	APR	2	7968
20152016	APR	3	7659
20152016	APR	4	9394
20152016	APR	5	2595
20162017	APR	1	7147
20162017	APR	2	9475
20162017	APR	3	9572
20162017	APR	4	8465
20162017	APR	5	2728
20062007	AUG	1	3252
20062007	AUG	2	3761
20062007	AUG	3	3986
20062007	AUG	4	2386
20062007	AUG	5	608
20072008	AUG	1	2755
20072008	AUG	2	2935
20072008	AUG	3	3519
20072008	AUG	4	2544
20072008	AUG	5	867
20082009	AUG	1	1276
20082009	AUG	2	1332
20082009	AUG	3	1885
20082009	AUG	4	1271
20082009	AUG	5	1998
20092010	AUG	1	1876
20092010	AUG	2	1783
20092010	AUG	3	1287
20092010	AUG	4	768
20092010	AUG	5	513
20102011	AUG	1	1996
20102011	AUG	2	2222
20102011	AUG	3	1539
20102011	AUG	4	1628
20102011	AUG	5	566
20112012	AUG	1	2056
20112012	AUG	2	3600
20112012	AUG	3	2451
20112012	AUG	4	1863
20112012	AUG	5	1013
20122013	AUG	1	2245
20122013	AUG	2	2229
20122013	AUG	3	4989
20122013	AUG	4	3886
20122013	AUG	5	1150
20132014	AUG	1	2159
20132014	AUG	2	6428
20132014	AUG	3	3275
20132014	AUG	4	2471
20132014	AUG	5	1015
20142015	AUG	1	3647
20142015	AUG	2	3364
20142015	AUG	3	4915
20142015	AUG	4	2894
20142015	AUG	5	2169
20152016	AUG	1	3745
20152016	AUG	2	3669
20152016	AUG	3	4074
20152016	AUG	4	3257
20152016	AUG	5	1984
20162017	AUG	1	2928
20162017	AUG	2	4935
20162017	AUG	3	4048
20162017	AUG	4	2801
20162017	AUG	5	779
20052006	DEC	1	1747
20052006	DEC	2	1901
20052006	DEC	3	1961
20052006	DEC	4	8039
20052006	DEC	5	5043
20062007	DEC	1	2637
20062007	DEC	2	2443
20062007	DEC	3	2531
20062007	DEC	4	9263
20062007	DEC	5	4857
20072008	DEC	1	996
20072008	DEC	2	1073
20072008	DEC	3	1166
20072008	DEC	4	4346
20072008	DEC	5	2102
20082009	DEC	1	1139
20082009	DEC	2	1802
20082009	DEC	3	1627
20082009	DEC	4	4625
20082009	DEC	5	1634
20092010	DEC	1	1761
20092010	DEC	2	1702
20092010	DEC	3	2106
20092010	DEC	4	5511
20092010	DEC	5	1902
20102011	DEC	1	1924
20102011	DEC	2	2284
20102011	DEC	3	2619
20102011	DEC	4	5514
20102011	DEC	5	2474
20112012	DEC	1	2880
20112012	DEC	2	2714
20112012	DEC	3	2940
20112012	DEC	4	5780
20112012	DEC	5	2341
20122013	DEC	1	2422
20122013	DEC	2	2728
20122013	DEC	3	3201
20122013	DEC	4	6367
20122013	DEC	5	2988
20132014	DEC	1	3025
20132014	DEC	2	3305
20132014	DEC	3	3578
20132014	DEC	4	6791
20132014	DEC	5	3062
20142015	DEC	1	3123
20142015	DEC	2	3296
20142015	DEC	3	3640
20142015	DEC	4	8387
20142015	DEC	5	2754
20152016	DEC	1	3668
20152016	DEC	2	4237
20152016	DEC	3	4578
20152016	DEC	4	8253
20152016	DEC	5	2946
20052006	FEB	1	3396
20052006	FEB	2	4324
20052006	FEB	3	3319
20052006	FEB	4	3236
20062007	FEB	1	1996
20062007	FEB	2	2071
20062007	FEB	3	2451
20062007	FEB	4	2551
20072008	FEB	1	1227
20072008	FEB	2	1157
20072008	FEB	3	1302
20072008	FEB	4	1125
20072008	FEB	5	115
20082009	FEB	1	1271
20082009	FEB	2	1375
20082009	FEB	3	1325
20082009	FEB	4	1465
20092010	FEB	1	1573
20092010	FEB	2	2423
20092010	FEB	3	1736
20092010	FEB	4	2105
20102011	FEB	1	2620
20102011	FEB	2	2212
20102011	FEB	3	2330
20102011	FEB	4	1882
20112012	FEB	1	2345
20112012	FEB	2	2739
20112012	FEB	3	3204
20112012	FEB	4	2170
20112012	FEB	5	199
20122013	FEB	1	2513
20122013	FEB	2	2868
20122013	FEB	3	2650
20122013	FEB	4	2476
20132014	FEB	1	2862
20132014	FEB	2	2883
20132014	FEB	3	3259
20132014	FEB	4	3387
20142015	FEB	1	2973
20142015	FEB	2	3250
20142015	FEB	3	3621
20142015	FEB	4	2905
20152016	FEB	1	3649
20152016	FEB	2	4114
20152016	FEB	3	4125
20152016	FEB	4	3869
20152016	FEB	5	538
20052006	JAN	1	6191
20052006	JAN	2	5901
20052006	JAN	3	4185
20052006	JAN	4	5795
20052006	JAN	5	2236
20062007	JAN	1	5256
20062007	JAN	2	3581
20062007	JAN	3	3979
20062007	JAN	4	3787
20062007	JAN	5	1419
20072008	JAN	1	2330
20072008	JAN	2	1719
20072008	JAN	3	1817
20072008	JAN	4	1621
20072008	JAN	5	423
20082009	JAN	1	2947
20082009	JAN	2	1841
20082009	JAN	3	1515
20082009	JAN	4	2314
20082009	JAN	5	559
20092010	JAN	1	3830
20092010	JAN	2	2280
20092010	JAN	3	2248
20092010	JAN	4	2355
20092010	JAN	5	1066
20102011	JAN	1	4326
20102011	JAN	2	3247
20102011	JAN	3	3001
20102011	JAN	4	2415
20102011	JAN	5	1306
20112012	JAN	1	4242
20112012	JAN	2	3355
20112012	JAN	3	3518
20112012	JAN	4	3581
20112012	JAN	5	1280
20122013	JAN	1	4592
20122013	JAN	2	4301
20122013	JAN	3	3382
20122013	JAN	4	4069
20122013	JAN	5	873
20132014	JAN	1	4692
20132014	JAN	2	4980
20132014	JAN	3	4189
20132014	JAN	4	2961
20132014	JAN	5	1028
20142015	JAN	1	5990
20142015	JAN	2	4532
20142015	JAN	3	5057
20142015	JAN	4	4637
20142015	JAN	5	1046
20152016	JAN	1	6760
20152016	JAN	2	4808
20152016	JAN	3	4971
20152016	JAN	4	4339
20152016	JAN	5	1573
20062007	JUL	1	2815
20062007	JUL	2	3100
20062007	JUL	3	2710
20062007	JUL	4	3486
20062007	JUL	5	2043
20072008	JUL	1	2591
20072008	JUL	2	3258
20072008	JUL	3	3419
20072008	JUL	4	3333
20072008	JUL	5	1545
20082009	JUL	1	1650
20082009	JUL	2	1806
20082009	JUL	3	1778
20082009	JUL	4	1301
20082009	JUL	5	352
20092010	JUL	1	1914
20092010	JUL	2	1838
20092010	JUL	3	1612
20092010	JUL	4	1820
20092010	JUL	5	522
20102011	JUL	1	2444
20102011	JUL	2	2438
20102011	JUL	3	2422
20102011	JUL	4	1979
20102011	JUL	5	709
20112012	JUL	1	3249
20112012	JUL	2	3427
20112012	JUL	3	2586
20112012	JUL	4	2928
20112012	JUL	5	1762
20122013	JUL	1	3657
20122013	JUL	2	3792
20122013	JUL	3	2767
20122013	JUL	4	2004
20122013	JUL	5	1045
20132014	JUL	1	3295
20132014	JUL	2	2669
20132014	JUL	3	2101
20132014	JUL	4	2633
20132014	JUL	5	687
20142015	JUL	1	3493
20142015	JUL	2	2856
20142015	JUL	3	3038
20142015	JUL	4	2993
20142015	JUL	5	2946
20152016	JUL	1	4308
20152016	JUL	2	3693
20152016	JUL	3	5842
20152016	JUL	4	4414
20152016	JUL	5	1272
20162017	JUL	1	3456
20162017	JUL	2	5514
20162017	JUL	3	3705
20162017	JUL	4	3564
20162017	JUL	5	1128
20062007	JUN	1	6484
20062007	JUN	2	5714
20062007	JUN	3	4217
20062007	JUN	4	3892
20062007	JUN	5	641
20072008	JUN	1	8195
20072008	JUN	2	6551
20072008	JUN	3	5197
20072008	JUN	4	2733
20072008	JUN	5	892
20082009	JUN	1	3787
20082009	JUN	2	2665
20082009	JUN	3	2347
20082009	JUN	4	2067
20082009	JUN	5	736
20092010	JUN	1	3378
20092010	JUN	2	2701
20092010	JUN	3	2549
20092010	JUN	4	2345
20092010	JUN	5	396
20102011	JUN	1	4519
20102011	JUN	2	3797
20102011	JUN	3	2560
20102011	JUN	4	2993
20102011	JUN	5	554
20112012	JUN	1	5830
20112012	JUN	2	5256
20112012	JUN	3	3723
20112012	JUN	4	3358
20112012	JUN	5	664
20122013	JUN	1	8188
20122013	JUN	2	5652
20122013	JUN	3	4979
20122013	JUN	4	4285
20122013	JUN	5	1121
20132014	JUN	1	6832
20132014	JUN	2	5610
20132014	JUN	3	3991
20132014	JUN	4	3305
20132014	JUN	5	1569
20142015	JUN	1	8286
20142015	JUN	2	6377
20142015	JUN	3	5201
20142015	JUN	4	4544
20142015	JUN	5	1310
20152016	JUN	1	8074
20152016	JUN	2	7119
20152016	JUN	3	5054
20152016	JUN	4	4004
20152016	JUN	5	882
20162017	JUN	1	7665
20162017	JUN	2	5229
20162017	JUN	3	4159
20162017	JUN	4	2909
20162017	JUN	5	359
20052006	MAR	1	2861
20052006	MAR	2	3093
20052006	MAR	3	3250
20052006	MAR	4	4667
20052006	MAR	5	3007
20062007	MAR	1	2525
20062007	MAR	2	2137
20062007	MAR	3	3531
20062007	MAR	4	3419
20062007	MAR	5	2589
20072008	MAR	1	1214
20072008	MAR	2	1132
20072008	MAR	3	1346
20072008	MAR	4	1464
20072008	MAR	5	1327
20082009	MAR	1	1242
20082009	MAR	2	1637
20082009	MAR	3	1377
20082009	MAR	4	2607
20082009	MAR	5	1446
20092010	MAR	1	1977
20092010	MAR	2	2011
20092010	MAR	3	2447
20092010	MAR	4	2738
20092010	MAR	5	1040
20102011	MAR	1	2561
20102011	MAR	2	2874
20102011	MAR	3	2668
20102011	MAR	4	3493
20102011	MAR	5	1346
20112012	MAR	1	2604
20112012	MAR	2	3097
20112012	MAR	3	2667
20112012	MAR	4	4474
20112012	MAR	5	1761
20122013	MAR	1	2772
20122013	MAR	2	2848
20122013	MAR	3	3099
20122013	MAR	4	4627
20122013	MAR	5	4047
20132014	MAR	1	3192
20132014	MAR	2	3088
20132014	MAR	3	4036
20132014	MAR	4	4493
20132014	MAR	5	4433
20142015	MAR	1	3957
20142015	MAR	2	3746
20142015	MAR	3	3887
20142015	MAR	4	4812
20142015	MAR	5	3369
20152016	MAR	1	4720
20152016	MAR	2	5485
20152016	MAR	3	5000
20152016	MAR	4	9259
20152016	MAR	5	2998
20062007	MAY	1	14346
20062007	MAY	2	12720
20062007	MAY	3	14219
20062007	MAY	4	15604
20062007	MAY	5	4454
20072008	MAY	1	12743
20072008	MAY	2	13079
20072008	MAY	3	16107
20072008	MAY	4	15845
20072008	MAY	5	5049
20082009	MAY	1	6828
20082009	MAY	2	6894
20082009	MAY	3	7837
20082009	MAY	4	7430
20082009	MAY	5	2655
20092010	MAY	1	8277
20092010	MAY	2	7623
20092010	MAY	3	8076
20092010	MAY	4	7964
20092010	MAY	5	3548
20102011	MAY	1	10251
20102011	MAY	2	9241
20102011	MAY	3	8235
20102011	MAY	4	7965
20102011	MAY	5	3945
20112012	MAY	1	9140
20112012	MAY	2	10879
20112012	MAY	3	10556
20112012	MAY	4	11274
20112012	MAY	5	4472
20122013	MAY	1	12173
20122013	MAY	2	12945
20122013	MAY	3	12323
20122013	MAY	4	13535
20122013	MAY	5	3645
20132014	MAY	1	11690
20132014	MAY	2	12873
20132014	MAY	3	12698
20132014	MAY	4	13247
20132014	MAY	5	3819
20142015	MAY	1	13444
20142015	MAY	2	11390
20142015	MAY	3	13012
20142015	MAY	4	13558
20142015	MAY	5	5246
20152016	MAY	1	13069
20152016	MAY	2	12487
20152016	MAY	3	14359
20152016	MAY	4	15693
20152016	MAY	5	5766
20162017	MAY	1	11209
20162017	MAY	2	13559
20162017	MAY	3	12612
20162017	MAY	4	14062
20162017	MAY	5	5665
20052006	NOV	1	5599
20052006	NOV	2	2055
20052006	NOV	3	1925
20052006	NOV	4	1218
20052006	NOV	5	368
20062007	NOV	1	4049
20062007	NOV	2	3341
20062007	NOV	3	2781
20062007	NOV	4	2977
20062007	NOV	5	653
20072008	NOV	1	1503
20072008	NOV	2	2529
20072008	NOV	3	1055
20072008	NOV	4	1017
20072008	NOV	5	193
20082009	NOV	1	1852
20082009	NOV	2	1353
20082009	NOV	3	1209
20082009	NOV	4	996
20082009	NOV	5	339
20092010	NOV	1	1735
20092010	NOV	2	1089
20092010	NOV	3	1138
20092010	NOV	4	1608
20092010	NOV	5	917
20102011	NOV	1	3280
20102011	NOV	2	1778
20102011	NOV	3	2325
20102011	NOV	4	2325
20102011	NOV	5	490
20112012	NOV	1	3143
20112012	NOV	2	3675
20112012	NOV	3	2278
20112012	NOV	4	2062
20112012	NOV	5	498
20122013	NOV	1	1678
20122013	NOV	2	3894
20122013	NOV	3	2542
20122013	NOV	4	2252
20122013	NOV	5	581
20132014	NOV	1	5001
20132014	NOV	2	2716
20132014	NOV	3	2147
20132014	NOV	4	1933
20132014	NOV	5	910
20142015	NOV	1	3899
20142015	NOV	2	2640
20142015	NOV	3	2429
20142015	NOV	4	3090
20142015	NOV	5	1273
20152016	NOV	1	2505
20152016	NOV	2	2827
20152016	NOV	3	1429
20152016	NOV	4	2326
20152016	NOV	5	1212
20052006	OCT	1	3793
20052006	OCT	2	7163
20052006	OCT	3	3735
20052006	OCT	4	1186
20052006	OCT	5	785
20062007	OCT	1	10263
20062007	OCT	2	3286
20062007	OCT	3	4099
20062007	OCT	4	11039
20062007	OCT	5	1915
20072008	OCT	1	1378
20072008	OCT	2	2470
20072008	OCT	3	5486
20072008	OCT	4	2055
20072008	OCT	5	324
20082009	OCT	1	4780
20082009	OCT	2	5844
20082009	OCT	3	2239
20082009	OCT	4	1852
20082009	OCT	5	953
20092010	OCT	1	2491
20092010	OCT	2	2311
20092010	OCT	3	3274
20092010	OCT	4	1799
20092010	OCT	5	710
20102011	OCT	1	3285
20102011	OCT	2	5329
20102011	OCT	3	5710
20102011	OCT	4	3280
20102011	OCT	5	1563
20112012	OCT	1	7973
20112012	OCT	2	5595
20112012	OCT	3	3281
20112012	OCT	4	4201
20112012	OCT	5	1742
20122013	OCT	1	2753
20122013	OCT	2	3000
20122013	OCT	3	3448
20122013	OCT	4	8993
20122013	OCT	5	2090
20132014	OCT	1	4296
20132014	OCT	2	6402
20132014	OCT	3	9846
20132014	OCT	4	2778
20132014	OCT	5	787
20142015	OCT	1	13348
20142015	OCT	2	5862
20142015	OCT	3	3827
20142015	OCT	4	5237
20142015	OCT	5	1139
20152016	OCT	1	5172
20152016	OCT	2	3823
20152016	OCT	3	5068
20152016	OCT	4	10919
20152016	OCT	5	1307
20162017	OCT	1	3292
20162017	OCT	2	11409
20162017	OCT	3	2569
20052006	SEP	5	4
20062007	SEP	1	3242
20062007	SEP	2	2462
20062007	SEP	3	2700
20062007	SEP	4	7718
20062007	SEP	5	2930
20072008	SEP	1	2160
20072008	SEP	2	1045
20072008	SEP	3	601
20072008	SEP	4	883
20072008	SEP	5	680
20082009	SEP	1	1157
20082009	SEP	2	1236
20082009	SEP	3	837
20082009	SEP	4	1229
20082009	SEP	5	391
20092010	SEP	1	972
20092010	SEP	2	986
20092010	SEP	3	1782
20092010	SEP	4	4571
20092010	SEP	5	695
20102011	SEP	1	1594
20102011	SEP	2	3493
20102011	SEP	3	2238
20102011	SEP	4	2029
20102011	SEP	5	237
20112012	SEP	1	5055
20112012	SEP	2	2658
20112012	SEP	3	2162
20112012	SEP	4	2720
20112012	SEP	5	719
20122013	SEP	1	2796
20122013	SEP	2	2394
20122013	SEP	3	2599
20122013	SEP	4	2400
20122013	SEP	5	1347
20132014	SEP	1	2787
20132014	SEP	2	2634
20132014	SEP	3	2760
20132014	SEP	4	2915
20132014	SEP	5	1242
20142015	SEP	1	2653
20142015	SEP	2	3641
20142015	SEP	3	2775
20142015	SEP	4	3307
20142015	SEP	5	1153
20152016	SEP	1	3073
20152016	SEP	2	2801
20152016	SEP	3	2705
20152016	SEP	4	3549
20152016	SEP	5	792
20162017	SEP	1	3233
20162017	SEP	2	1955
20162017	SEP	3	1819
20162017	SEP	4	2054
20162017	SEP	5	584
