Fin_year    Month   Week    Tot_tkt
------------------------------------
20162017	APR	1	184
20162017	APR	2	3737
20162017	APR	3	6239
20162017	APR	4	2511
20162017	APR	5	671
20162017	AUG	1	1141
20162017	AUG	2	1961
20162017	AUG	3	2103
20162017	AUG	4	1506
20162017	AUG	5	333
20162017	JUL	1	1611
20162017	JUL	2	1600
20162017	JUL	3	1559
20162017	JUL	4	1482
20162017	JUL	5	645
20162017	JUN	1	7050
20162017	JUN	2	4109
20162017	JUN	3	2023
20162017	JUN	4	1673
20162017	JUN	5	193
20162017	MAY	1	3376
20162017	MAY	2	3960
20162017	MAY	3	5817
20162017	MAY	4	7093
20162017	MAY	5	4247
20162017	OCT	1	1831
20162017	OCT	2	3769
20162017	OCT	3	653
20162017	SEP	1	1582
20162017	SEP	2	1190
20162017	SEP	3	666
20162017	SEP	4	356
20162017	SEP	5	211
