Fin_Year    Month   Day   Tot_tkt
----------------------------------
20162017	APR	04	16
20162017	APR	05	47
20162017	APR	06	43
20162017	APR	07	78
20162017	APR	08	282
20162017	APR	09	773
20162017	APR	10	952
20162017	APR	11	146
20162017	APR	12	218
20162017	APR	13	342
20162017	APR	14	1024
20162017	APR	15	946
20162017	APR	16	1307
20162017	APR	17	1437
20162017	APR	18	945
20162017	APR	19	1176
20162017	APR	20	204
20162017	APR	21	224
20162017	APR	22	269
20162017	APR	23	385
20162017	APR	24	558
20162017	APR	25	359
20162017	APR	26	354
20162017	APR	27	247
20162017	APR	28	339
20162017	APR	29	341
20162017	APR	30	330
20162017	AUG	01	237
20162017	AUG	02	155
20162017	AUG	03	87
20162017	AUG	04	108
20162017	AUG	05	136
20162017	AUG	06	179
20162017	AUG	07	239
20162017	AUG	08	119
20162017	AUG	09	130
20162017	AUG	10	109
20162017	AUG	11	95
20162017	AUG	12	166
20162017	AUG	13	437
20162017	AUG	14	905
20162017	AUG	15	700
20162017	AUG	16	179
20162017	AUG	17	148
20162017	AUG	18	182
20162017	AUG	19	161
20162017	AUG	20	295
20162017	AUG	21	438
20162017	AUG	22	133
20162017	AUG	23	159
20162017	AUG	24	123
20162017	AUG	25	254
20162017	AUG	26	105
20162017	AUG	27	329
20162017	AUG	28	403
20162017	AUG	29	178
20162017	AUG	30	118
20162017	AUG	31	37
20162017	JUL	01	153
20162017	JUL	02	189
20162017	JUL	03	273
20162017	JUL	04	370
20162017	JUL	05	138
20162017	JUL	06	192
20162017	JUL	07	296
20162017	JUL	08	360
20162017	JUL	09	427
20162017	JUL	10	278
20162017	JUL	11	147
20162017	JUL	12	103
20162017	JUL	13	140
20162017	JUL	14	145
20162017	JUL	15	170
20162017	JUL	16	313
20162017	JUL	17	481
20162017	JUL	18	192
20162017	JUL	19	150
20162017	JUL	20	113
20162017	JUL	21	140
20162017	JUL	22	149
20162017	JUL	23	238
20162017	JUL	24	441
20162017	JUL	25	205
20162017	JUL	26	176
20162017	JUL	27	135
20162017	JUL	28	138
20162017	JUL	29	144
20162017	JUL	30	220
20162017	JUL	31	281
20162017	JUN	01	1033
20162017	JUN	02	1161
20162017	JUN	03	969
20162017	JUN	04	912
20162017	JUN	05	1332
20162017	JUN	06	966
20162017	JUN	07	677
20162017	JUN	08	556
20162017	JUN	09	510
20162017	JUN	10	709
20162017	JUN	11	784
20162017	JUN	12	853
20162017	JUN	13	397
20162017	JUN	14	300
20162017	JUN	15	244
20162017	JUN	16	254
20162017	JUN	17	319
20162017	JUN	18	334
20162017	JUN	19	431
20162017	JUN	20	228
20162017	JUN	21	213
20162017	JUN	22	179
20162017	JUN	23	169
20162017	JUN	24	264
20162017	JUN	25	320
20162017	JUN	26	403
20162017	JUN	27	215
20162017	JUN	28	123
20162017	JUN	29	99
20162017	JUN	30	94
20162017	MAY	01	675
20162017	MAY	02	444
20162017	MAY	03	392
20162017	MAY	04	388
20162017	MAY	05	452
20162017	MAY	06	477
20162017	MAY	07	548
20162017	MAY	08	669
20162017	MAY	09	439
20162017	MAY	10	476
20162017	MAY	11	495
20162017	MAY	12	443
20162017	MAY	13	649
20162017	MAY	14	789
20162017	MAY	15	1044
20162017	MAY	16	746
20162017	MAY	17	760
20162017	MAY	18	809
20162017	MAY	19	843
20162017	MAY	20	845
20162017	MAY	21	770
20162017	MAY	22	1121
20162017	MAY	23	1011
20162017	MAY	24	829
20162017	MAY	25	942
20162017	MAY	26	980
20162017	MAY	27	1174
20162017	MAY	28	1036
20162017	MAY	29	1502
20162017	MAY	30	1527
20162017	MAY	31	1218
20162017	OCT	01	155
20162017	OCT	02	293
20162017	OCT	03	230
20162017	OCT	04	217
20162017	OCT	05	259
20162017	OCT	06	283
20162017	OCT	07	394
20162017	OCT	08	417
20162017	OCT	09	562
20162017	OCT	10	772
20162017	OCT	11	836
20162017	OCT	12	670
20162017	OCT	13	272
20162017	OCT	14	240
20162017	OCT	15	318
20162017	OCT	16	335
20162017	SEP	01	78
20162017	SEP	03	339
20162017	SEP	04	582
20162017	SEP	05	357
20162017	SEP	06	116
20162017	SEP	07	110
20162017	SEP	08	120
20162017	SEP	09	111
20162017	SEP	10	428
20162017	SEP	11	363
20162017	SEP	12	69
20162017	SEP	13	57
20162017	SEP	14	42
20162017	SEP	15	61
20162017	SEP	16	51
20162017	SEP	17	118
20162017	SEP	18	224
20162017	SEP	19	77
20162017	SEP	20	65
20162017	SEP	21	70
20162017	SEP	22	56
20162017	SEP	23	24
20162017	SEP	24	24
20162017	SEP	25	87
20162017	SEP	26	53
20162017	SEP	27	40
20162017	SEP	28	72
20162017	SEP	29	70
20162017	SEP	30	141
