Fin_Year    Month   Week    Tot_tkt
------------------------------------
20012002	APR	1	2198
20012002	APR	2	3279
20012002	APR	3	3569
20012002	APR	4	3688
20012002	APR	5	1621
20022003	APR	1	2654
20022003	APR	2	3241
20022003	APR	3	4611
20022003	APR	4	4600
20022003	APR	5	1571
20032004	APR	1	2074
20032004	APR	2	3284
20032004	APR	3	4397
20032004	APR	4	4133
20032004	APR	5	1261
20042005	APR	1	2451
20042005	APR	2	3399
20042005	APR	3	3512
20042005	APR	4	3657
20042005	APR	5	1312
20052006	APR	1	2987
20052006	APR	2	2677
20052006	APR	3	3783
20052006	APR	4	4131
20052006	APR	5	1304
20062007	APR	1	3235
20062007	APR	2	3549
20062007	APR	3	5355
20062007	APR	4	4942
20062007	APR	5	1761
20072008	APR	1	3169
20072008	APR	2	3356
20072008	APR	3	4645
20072008	APR	4	5142
20072008	APR	5	1942
20082009	APR	1	2625
20082009	APR	2	3747
20082009	APR	3	4412
20082009	APR	4	4365
20082009	APR	5	1349
20092010	APR	1	3581
20092010	APR	2	5211
20092010	APR	3	5961
20092010	APR	4	6652
20092010	APR	5	1943
20102011	APR	1	4532
20102011	APR	2	5152
20102011	APR	3	6439
20102011	APR	4	5941
20102011	APR	5	2250
20112012	APR	1	3585
20112012	APR	2	5210
20112012	APR	3	7539
20112012	APR	4	8984
20112012	APR	5	1292
20122013	APR	1	4561
20122013	APR	2	4699
20122013	APR	3	6149
20122013	APR	4	6350
20122013	APR	5	2817
20132014	APR	1	3469
20132014	APR	2	4252
20132014	APR	3	5762
20132014	APR	4	6764
20132014	APR	5	2675
20142015	APR	1	3546
20142015	APR	2	5305
20142015	APR	3	7969
20142015	APR	4	7183
20142015	APR	5	2734
20152016	APR	1	4294
20152016	APR	2	4644
20152016	APR	3	6274
20152016	APR	4	6517
20152016	APR	5	1967
20162017	APR	1	3521
20162017	APR	2	4144
20162017	APR	3	4971
20162017	APR	4	4983
20162017	APR	5	1533
20012002	AUG	1	859
20012002	AUG	2	1212
20012002	AUG	3	866
20012002	AUG	4	1634
20012002	AUG	5	1695
20022003	AUG	1	711
20022003	AUG	2	834
20022003	AUG	3	2042
20022003	AUG	4	5897
20022003	AUG	5	1074
20032004	AUG	1	1524
20032004	AUG	2	1774
20032004	AUG	3	1736
20032004	AUG	4	973
20032004	AUG	5	404
20042005	AUG	1	1429
20042005	AUG	2	1758
20042005	AUG	3	1670
20042005	AUG	4	2749
20042005	AUG	5	2749
20052006	AUG	1	1095
20052006	AUG	2	2052
20052006	AUG	3	1868
20052006	AUG	4	1360
20052006	AUG	5	316
20062007	AUG	1	2019
20062007	AUG	2	2088
20062007	AUG	3	1726
20062007	AUG	4	1129
20062007	AUG	5	508
20072008	AUG	1	1254
20072008	AUG	2	1233
20072008	AUG	3	1533
20072008	AUG	4	3605
20072008	AUG	5	2341
20082009	AUG	1	2383
20082009	AUG	2	2372
20082009	AUG	3	2096
20082009	AUG	4	2104
20082009	AUG	5	871
20092010	AUG	1	2230
20092010	AUG	2	2728
20092010	AUG	3	2172
20092010	AUG	4	1003
20092010	AUG	5	874
20102011	AUG	1	2391
20102011	AUG	2	2556
20102011	AUG	3	1891
20102011	AUG	4	5889
20102011	AUG	5	916
20112012	AUG	1	1491
20112012	AUG	2	2452
20112012	AUG	3	2337
20112012	AUG	4	1930
20112012	AUG	5	858
20122013	AUG	1	1815
20122013	AUG	2	2077
20122013	AUG	3	4173
20122013	AUG	4	4111
20122013	AUG	5	3372
20132014	AUG	1	1376
20132014	AUG	2	4805
20132014	AUG	3	2763
20132014	AUG	4	2629
20132014	AUG	5	984
20142015	AUG	1	2968
20142015	AUG	2	3204
20142015	AUG	3	3901
20142015	AUG	4	2606
20142015	AUG	5	1046
20152016	AUG	1	3433
20152016	AUG	2	3472
20152016	AUG	3	3477
20152016	AUG	4	4102
20152016	AUG	5	3564
20162017	AUG	1	2909
20162017	AUG	2	3762
20162017	AUG	3	3023
20162017	AUG	4	2851
20162017	AUG	5	731
20012002	DEC	1	1054
20012002	DEC	2	654
20012002	DEC	3	3117
20012002	DEC	4	6704
20012002	DEC	5	2934
20022003	DEC	1	2952
20022003	DEC	2	2494
20022003	DEC	3	1632
20022003	DEC	4	5467
20022003	DEC	5	2027
20032004	DEC	1	2498
20032004	DEC	2	1061
20032004	DEC	3	1349
20032004	DEC	4	5548
20032004	DEC	5	1232
20042005	DEC	1	1887
20042005	DEC	2	1526
20042005	DEC	3	1045
20042005	DEC	4	3905
20042005	DEC	5	1439
20052006	DEC	1	1987
20052006	DEC	2	1349
20052006	DEC	3	1036
20052006	DEC	4	4866
20052006	DEC	5	2709
20062007	DEC	1	2337
20062007	DEC	2	1504
20062007	DEC	3	1115
20062007	DEC	4	4984
20062007	DEC	5	1946
20072008	DEC	1	1934
20072008	DEC	2	1222
20072008	DEC	3	1899
20072008	DEC	4	7173
20072008	DEC	5	2578
20082009	DEC	1	1558
20082009	DEC	2	3104
20082009	DEC	3	2423
20082009	DEC	4	6454
20082009	DEC	5	2278
20092010	DEC	1	2156
20092010	DEC	2	1695
20092010	DEC	3	2551
20092010	DEC	4	6633
20092010	DEC	5	1486
20102011	DEC	1	2147
20102011	DEC	2	2435
20102011	DEC	3	2574
20102011	DEC	4	6480
20102011	DEC	5	3139
20112012	DEC	1	2983
20112012	DEC	2	2200
20112012	DEC	3	1857
20112012	DEC	4	6537
20112012	DEC	5	3474
20122013	DEC	1	2433
20122013	DEC	2	2010
20122013	DEC	3	1920
20122013	DEC	4	7229
20122013	DEC	5	3054
20132014	DEC	1	2282
20132014	DEC	2	1866
20132014	DEC	3	2519
20132014	DEC	4	7143
20132014	DEC	5	2520
20142015	DEC	1	2495
20142015	DEC	2	1909
20142015	DEC	3	2500
20142015	DEC	4	7379
20142015	DEC	5	1881
20152016	DEC	1	1933
20152016	DEC	2	1662
20152016	DEC	3	2399
20152016	DEC	4	5464
20152016	DEC	5	1485
20012002	FEB	1	1382
20012002	FEB	2	1089
20012002	FEB	3	872
20012002	FEB	4	1650
20022003	FEB	1	1491
20022003	FEB	2	2478
20022003	FEB	3	1857
20022003	FEB	4	1317
20032004	FEB	1	2379
20032004	FEB	2	1725
20032004	FEB	3	1382
20032004	FEB	4	1248
20032004	FEB	5	348
20042005	FEB	1	2025
20042005	FEB	2	2113
20042005	FEB	3	1599
20042005	FEB	4	1197
20052006	FEB	1	1736
20052006	FEB	2	1905
20052006	FEB	3	1583
20052006	FEB	4	1349
20062007	FEB	1	1572
20062007	FEB	2	1708
20062007	FEB	3	1469
20062007	FEB	4	1197
20072008	FEB	1	1769
20072008	FEB	2	1988
20072008	FEB	3	1473
20072008	FEB	4	1775
20072008	FEB	5	244
20082009	FEB	1	1956
20082009	FEB	2	1681
20082009	FEB	3	1632
20082009	FEB	4	1651
20092010	FEB	1	2286
20092010	FEB	2	2194
20092010	FEB	3	1939
20092010	FEB	4	2142
20102011	FEB	1	2449
20102011	FEB	2	2488
20102011	FEB	3	2104
20102011	FEB	4	1914
20112012	FEB	1	2234
20112012	FEB	2	2337
20112012	FEB	3	2438
20112012	FEB	4	2137
20112012	FEB	5	212
20122013	FEB	1	2341
20122013	FEB	2	2284
20122013	FEB	3	1939
20122013	FEB	4	2177
20132014	FEB	1	2191
20132014	FEB	2	2060
20132014	FEB	3	2417
20132014	FEB	4	2697
20142015	FEB	1	2060
20142015	FEB	2	2055
20142015	FEB	3	2629
20142015	FEB	4	2097
20152016	FEB	1	1939
20152016	FEB	2	2004
20152016	FEB	3	2211
20152016	FEB	4	1941
20152016	FEB	5	243
20012002	JAN	1	2518
20012002	JAN	2	2608
20012002	JAN	3	2422
20012002	JAN	4	2323
20012002	JAN	5	722
20022003	JAN	1	1866
20022003	JAN	2	1823
20022003	JAN	3	2059
20022003	JAN	4	1696
20022003	JAN	5	765
20032004	JAN	1	2572
20032004	JAN	2	2411
20032004	JAN	3	2853
20032004	JAN	4	2087
20032004	JAN	5	784
20042005	JAN	1	2141
20042005	JAN	2	2105
20042005	JAN	3	2154
20042005	JAN	4	3279
20042005	JAN	5	785
20052006	JAN	1	2573
20052006	JAN	2	3726
20052006	JAN	3	2804
20052006	JAN	4	2621
20052006	JAN	5	1003
20062007	JAN	1	3736
20062007	JAN	2	2766
20062007	JAN	3	2682
20062007	JAN	4	2213
20062007	JAN	5	830
20072008	JAN	1	2659
20072008	JAN	2	2913
20072008	JAN	3	3292
20072008	JAN	4	2407
20072008	JAN	5	821
20082009	JAN	1	3193
20082009	JAN	2	2500
20082009	JAN	3	3318
20082009	JAN	4	2913
20082009	JAN	5	983
20092010	JAN	1	3351
20092010	JAN	2	2953
20092010	JAN	3	3581
20092010	JAN	4	3078
20092010	JAN	5	1063
20102011	JAN	1	3921
20102011	JAN	2	3376
20102011	JAN	3	3735
20102011	JAN	4	3307
20102011	JAN	5	1147
20112012	JAN	1	3513
20112012	JAN	2	3102
20112012	JAN	3	3361
20112012	JAN	4	3364
20112012	JAN	5	1128
20122013	JAN	1	3069
20122013	JAN	2	3408
20122013	JAN	3	3367
20122013	JAN	4	3482
20122013	JAN	5	953
20132014	JAN	1	3219
20132014	JAN	2	3741
20132014	JAN	3	3861
20132014	JAN	4	2604
20132014	JAN	5	1067
20142015	JAN	1	4828
20142015	JAN	2	3033
20142015	JAN	3	3985
20142015	JAN	4	3136
20142015	JAN	5	1047
20152016	JAN	1	3039
20152016	JAN	2	2876
20152016	JAN	3	3140
20152016	JAN	4	2599
20152016	JAN	5	971
20012002	JUL	1	763
20012002	JUL	2	473
20012002	JUL	3	1017
20012002	JUL	4	994
20012002	JUL	5	476
20022003	JUL	1	901
20022003	JUL	2	1101
20022003	JUL	3	1248
20022003	JUL	4	1352
20022003	JUL	5	308
20032004	JUL	1	674
20032004	JUL	2	1162
20032004	JUL	3	813
20032004	JUL	4	1375
20032004	JUL	5	428
20042005	JUL	1	1348
20042005	JUL	2	1599
20042005	JUL	3	1808
20042005	JUL	4	2103
20042005	JUL	5	1105
20052006	JUL	1	804
20052006	JUL	2	1090
20052006	JUL	3	1158
20052006	JUL	4	1237
20052006	JUL	5	485
20062007	JUL	1	1104
20062007	JUL	2	1145
20062007	JUL	3	1153
20062007	JUL	4	2118
20062007	JUL	5	1055
20072008	JUL	1	744
20072008	JUL	2	901
20072008	JUL	3	862
20072008	JUL	4	1110
20072008	JUL	5	662
20082009	JUL	1	1276
20082009	JUL	2	1961
20082009	JUL	3	1702
20082009	JUL	4	1643
20082009	JUL	5	401
20092010	JUL	1	1163
20092010	JUL	2	1453
20092010	JUL	3	1467
20092010	JUL	4	1928
20092010	JUL	5	642
20102011	JUL	1	1114
20102011	JUL	2	1460
20102011	JUL	3	1436
20102011	JUL	4	1783
20102011	JUL	5	910
20112012	JUL	1	2051
20112012	JUL	2	2291
20112012	JUL	3	2193
20112012	JUL	4	2803
20112012	JUL	5	1606
20122013	JUL	1	1758
20122013	JUL	2	2167
20122013	JUL	3	2671
20122013	JUL	4	1660
20122013	JUL	5	684
20132014	JUL	1	1449
20132014	JUL	2	797
20132014	JUL	3	1031
20132014	JUL	4	1081
20132014	JUL	5	469
20142015	JUL	1	1288
20142015	JUL	2	1462
20142015	JUL	3	1525
20142015	JUL	4	2383
20142015	JUL	5	2540
20152016	JUL	1	1480
20152016	JUL	2	1664
20152016	JUL	3	3999
20152016	JUL	4	3321
20152016	JUL	5	1137
20162017	JUL	1	2288
20162017	JUL	2	3270
20162017	JUL	3	2553
20162017	JUL	4	2698
20162017	JUL	5	1434
20012002	JUN	1	3324
20012002	JUN	2	885
20012002	JUN	3	803
20012002	JUN	4	735
20012002	JUN	5	249
20022003	JUN	1	2679
20022003	JUN	2	1541
20022003	JUN	3	1046
20022003	JUN	4	1163
20022003	JUN	5	408
20032004	JUN	1	2425
20032004	JUN	2	2127
20032004	JUN	3	1135
20032004	JUN	4	798
20032004	JUN	5	320
20042005	JUN	1	2221
20042005	JUN	2	1562
20042005	JUN	3	1314
20042005	JUN	4	1874
20042005	JUN	5	253
20052006	JUN	1	2282
20052006	JUN	2	2064
20052006	JUN	3	1409
20052006	JUN	4	979
20052006	JUN	5	171
20062007	JUN	1	1579
20062007	JUN	2	1544
20062007	JUN	3	1807
20062007	JUN	4	1013
20062007	JUN	5	232
20072008	JUN	1	3005
20072008	JUN	2	1750
20072008	JUN	3	976
20072008	JUN	4	859
20072008	JUN	5	302
20082009	JUN	1	2867
20082009	JUN	2	2048
20082009	JUN	3	1963
20082009	JUN	4	1539
20082009	JUN	5	487
20092010	JUN	1	2215
20092010	JUN	2	2285
20092010	JUN	3	1871
20092010	JUN	4	1608
20092010	JUN	5	271
20102011	JUN	1	3399
20102011	JUN	2	1857
20102011	JUN	3	1560
20102011	JUN	4	1537
20102011	JUN	5	275
20112012	JUN	1	2304
20112012	JUN	2	2942
20112012	JUN	3	2356
20112012	JUN	4	2176
20112012	JUN	5	410
20122013	JUN	1	4513
20122013	JUN	2	2751
20122013	JUN	3	1992
20122013	JUN	4	1883
20122013	JUN	5	503
20132014	JUN	1	3051
20132014	JUN	2	2021
20132014	JUN	3	1427
20132014	JUN	4	1080
20132014	JUN	5	510
20142015	JUN	1	3297
20142015	JUN	2	2253
20142015	JUN	3	2168
20142015	JUN	4	2199
20142015	JUN	5	429
20152016	JUN	1	3303
20152016	JUN	2	2960
20152016	JUN	3	1935
20152016	JUN	4	1303
20152016	JUN	5	272
20162017	JUN	1	2414
20162017	JUN	2	1270
20162017	JUN	3	1321
20162017	JUN	4	1253
20162017	JUN	5	206
20012002	MAR	1	526
20012002	MAR	2	845
20012002	MAR	3	607
20012002	MAR	4	1047
20012002	MAR	5	849
20022003	MAR	1	789
20022003	MAR	2	916
20022003	MAR	3	563
20022003	MAR	4	622
20022003	MAR	5	832
20032004	MAR	1	796
20032004	MAR	2	757
20032004	MAR	3	781
20032004	MAR	4	939
20032004	MAR	5	721
20042005	MAR	1	1087
20042005	MAR	2	1088
20042005	MAR	3	930
20042005	MAR	4	1623
20042005	MAR	5	1729
20052006	MAR	1	926
20052006	MAR	2	1202
20052006	MAR	3	1205
20052006	MAR	4	1251
20052006	MAR	5	766
20062007	MAR	1	872
20062007	MAR	2	915
20062007	MAR	3	1070
20062007	MAR	4	1257
20062007	MAR	5	857
20072008	MAR	1	1209
20072008	MAR	2	1117
20072008	MAR	3	1164
20072008	MAR	4	1219
20072008	MAR	5	1030
20082009	MAR	1	1206
20082009	MAR	2	1401
20082009	MAR	3	1172
20082009	MAR	4	1593
20082009	MAR	5	1246
20092010	MAR	1	1632
20092010	MAR	2	1650
20092010	MAR	3	1362
20092010	MAR	4	1816
20092010	MAR	5	1166
20102011	MAR	1	1743
20102011	MAR	2	1615
20102011	MAR	3	1356
20102011	MAR	4	2281
20102011	MAR	5	1243
20112012	MAR	1	1626
20112012	MAR	2	1749
20112012	MAR	3	1635
20112012	MAR	4	2178
20112012	MAR	5	1358
20122013	MAR	1	1785
20122013	MAR	2	1761
20122013	MAR	3	1656
20122013	MAR	4	2880
20122013	MAR	5	2238
20132014	MAR	1	1918
20132014	MAR	2	1877
20132014	MAR	3	1880
20132014	MAR	4	3356
20132014	MAR	5	2853
20142015	MAR	1	1760
20142015	MAR	2	1402
20142015	MAR	3	1865
20142015	MAR	4	2484
20142015	MAR	5	1707
20152016	MAR	1	1706
20152016	MAR	2	1569
20152016	MAR	3	1591
20152016	MAR	4	2983
20152016	MAR	5	1484
20012002	MAY	1	4775
20012002	MAY	2	5012
20012002	MAY	3	6355
20012002	MAY	4	4749
20012002	MAY	5	953
20022003	MAY	1	5078
20022003	MAY	2	5688
20022003	MAY	3	4457
20022003	MAY	4	5297
20022003	MAY	5	1648
20032004	MAY	1	4156
20032004	MAY	2	5695
20032004	MAY	3	5186
20032004	MAY	4	5931
20032004	MAY	5	2502
20042005	MAY	1	4412
20042005	MAY	2	4935
20042005	MAY	3	5919
20042005	MAY	4	5174
20042005	MAY	5	2109
20052006	MAY	1	4991
20052006	MAY	2	5809
20052006	MAY	3	5817
20052006	MAY	4	6389
20052006	MAY	5	2921
20062007	MAY	1	6122
20062007	MAY	2	6228
20062007	MAY	3	7017
20062007	MAY	4	6023
20062007	MAY	5	894
20072008	MAY	1	6748
20072008	MAY	2	7614
20072008	MAY	3	8584
20072008	MAY	4	7710
20072008	MAY	5	2477
20082009	MAY	1	5754
20082009	MAY	2	7445
20082009	MAY	3	7551
20082009	MAY	4	7944
20082009	MAY	5	2946
20092010	MAY	1	6148
20092010	MAY	2	7687
20092010	MAY	3	7604
20092010	MAY	4	7235
20092010	MAY	5	2901
20102011	MAY	1	8591
20102011	MAY	2	9058
20102011	MAY	3	8611
20102011	MAY	4	8929
20102011	MAY	5	3935
20112012	MAY	1	8210
20112012	MAY	2	8976
20112012	MAY	3	9449
20112012	MAY	4	11131
20112012	MAY	5	4221
20122013	MAY	1	7195
20122013	MAY	2	9501
20122013	MAY	3	10063
20122013	MAY	4	9084
20122013	MAY	5	3768
20132014	MAY	1	8367
20132014	MAY	2	8390
20132014	MAY	3	8564
20132014	MAY	4	8829
20132014	MAY	5	3342
20142015	MAY	1	8903
20142015	MAY	2	6450
20142015	MAY	3	8800
20142015	MAY	4	9614
20142015	MAY	5	3783
20152016	MAY	1	8506
20152016	MAY	2	8139
20152016	MAY	3	8140
20152016	MAY	4	10076
20152016	MAY	5	3497
20162017	MAY	1	6135
20162017	MAY	2	7372
20162017	MAY	3	5747
20162017	MAY	4	7487
20162017	MAY	5	3101
20012002	NOV	1	884
20012002	NOV	2	1949
20012002	NOV	3	1103
20012002	NOV	4	1099
20012002	NOV	5	406
20022003	NOV	1	2293
20022003	NOV	2	1094
20022003	NOV	3	1245
20022003	NOV	4	1245
20022003	NOV	5	413
20032004	NOV	1	1372
20032004	NOV	2	1636
20032004	NOV	3	1529
20032004	NOV	4	2989
20032004	NOV	5	1243
20042005	NOV	1	1114
20042005	NOV	2	1865
20042005	NOV	3	3223
20042005	NOV	4	2399
20042005	NOV	5	716
20052006	NOV	1	4094
20052006	NOV	2	2507
20052006	NOV	3	2003
20052006	NOV	4	1792
20052006	NOV	5	672
20062007	NOV	1	1949
20062007	NOV	2	2456
20062007	NOV	3	2291
20062007	NOV	4	2446
20062007	NOV	5	738
20072008	NOV	1	1583
20072008	NOV	2	2783
20072008	NOV	3	2062
20072008	NOV	4	2290
20072008	NOV	5	1000
20082009	NOV	1	2100
20082009	NOV	2	2133
20082009	NOV	3	1761
20082009	NOV	4	1874
20082009	NOV	5	569
20092010	NOV	1	1622
20092010	NOV	2	1569
20092010	NOV	3	1433
20092010	NOV	4	2145
20092010	NOV	5	1546
20102011	NOV	1	2562
20102011	NOV	2	2231
20102011	NOV	3	4286
20102011	NOV	4	2563
20102011	NOV	5	589
20112012	NOV	1	2294
20112012	NOV	2	4622
20112012	NOV	3	2675
20112012	NOV	4	2451
20112012	NOV	5	567
20122013	NOV	1	2193
20122013	NOV	2	3306
20122013	NOV	3	2882
20122013	NOV	4	2825
20122013	NOV	5	682
20132014	NOV	1	2970
20132014	NOV	2	2795
20132014	NOV	3	2218
20132014	NOV	4	2812
20132014	NOV	5	1009
20142015	NOV	1	2558
20142015	NOV	2	2084
20142015	NOV	3	2303
20142015	NOV	4	2498
20142015	NOV	5	803
20152016	NOV	1	1501
20152016	NOV	2	2852
20152016	NOV	3	2161
20152016	NOV	4	2459
20152016	NOV	5	832
20012002	OCT	1	992
20012002	OCT	2	984
20012002	OCT	3	799
20012002	OCT	4	2630
20012002	OCT	5	358
20022003	OCT	1	1608
20022003	OCT	2	2948
20022003	OCT	3	1156
20022003	OCT	4	1324
20022003	OCT	5	706
20032004	OCT	1	3362
20032004	OCT	2	1537
20032004	OCT	3	1373
20032004	OCT	4	1777
20032004	OCT	5	364
20042005	OCT	1	1406
20042005	OCT	2	1992
20042005	OCT	3	1244
20042005	OCT	4	1751
20042005	OCT	5	479
20052006	OCT	1	1918
20052006	OCT	2	2469
20052006	OCT	3	1072
20052006	OCT	4	1261
20052006	OCT	5	616
20062007	OCT	1	2176
20062007	OCT	2	1006
20062007	OCT	3	1316
20062007	OCT	4	4552
20062007	OCT	5	1219
20072008	OCT	1	1317
20072008	OCT	2	2476
20072008	OCT	3	3573
20072008	OCT	4	1760
20072008	OCT	5	598
20082009	OCT	1	6478
20082009	OCT	2	3807
20082009	OCT	3	1400
20082009	OCT	4	2095
20082009	OCT	5	1008
20092010	OCT	1	2844
20092010	OCT	2	1998
20092010	OCT	3	2350
20092010	OCT	4	1418
20092010	OCT	5	664
20102011	OCT	1	2500
20102011	OCT	2	2059
20102011	OCT	3	2670
20102011	OCT	4	1623
20102011	OCT	5	818
20112012	OCT	1	4760
20112012	OCT	2	2419
20112012	OCT	3	1828
20112012	OCT	4	2967
20112012	OCT	5	1296
20122013	OCT	1	3217
20122013	OCT	2	1905
20122013	OCT	3	1811
20122013	OCT	4	6232
20122013	OCT	5	1084
20132014	OCT	1	2606
20132014	OCT	2	3744
20132014	OCT	3	4513
20132014	OCT	4	2033
20132014	OCT	5	775
20142015	OCT	1	7162
20142015	OCT	2	2767
20142015	OCT	3	2306
20142015	OCT	4	2952
20142015	OCT	5	831
20152016	OCT	1	2820
20152016	OCT	2	1827
20152016	OCT	3	2617
20152016	OCT	4	4342
20152016	OCT	5	738
20162017	OCT	1	2314
20162017	OCT	2	5709
20162017	OCT	3	750
20012002	SEP	1	5726
20012002	SEP	2	2308
20012002	SEP	3	1543
20012002	SEP	4	1185
20012002	SEP	5	593
20022003	SEP	1	1368
20022003	SEP	2	1350
20022003	SEP	3	1487
20022003	SEP	4	1128
20022003	SEP	5	554
20032004	SEP	1	1285
20032004	SEP	2	6780
20032004	SEP	3	1975
20032004	SEP	4	1631
20032004	SEP	5	484
20042005	SEP	1	2112
20042005	SEP	2	1371
20042005	SEP	3	1939
20042005	SEP	4	1630
20042005	SEP	5	288
20052006	SEP	1	647
20052006	SEP	2	1324
20052006	SEP	3	4480
20052006	SEP	4	2238
20052006	SEP	5	476
20062007	SEP	1	5345
20062007	SEP	2	3314
20062007	SEP	3	1626
20062007	SEP	4	1869
20062007	SEP	5	654
20072008	SEP	1	2797
20072008	SEP	2	1392
20072008	SEP	3	792
20072008	SEP	4	1262
20072008	SEP	5	634
20082009	SEP	1	1035
20082009	SEP	2	3401
20082009	SEP	3	1961
20082009	SEP	4	1615
20082009	SEP	5	606
20092010	SEP	1	4294
20092010	SEP	2	1832
20092010	SEP	3	1897
20092010	SEP	4	7005
20092010	SEP	5	820
20102011	SEP	1	2033
20102011	SEP	2	5908
20102011	SEP	3	3137
20102011	SEP	4	2293
20102011	SEP	5	575
20112012	SEP	1	5264
20112012	SEP	2	6081
20112012	SEP	3	2421
20112012	SEP	4	2037
20112012	SEP	5	524
20122013	SEP	1	3608
20122013	SEP	2	2042
20122013	SEP	3	1935
20122013	SEP	4	2681
20122013	SEP	5	1252
20132014	SEP	1	1677
20132014	SEP	2	1693
20132014	SEP	3	5697
20132014	SEP	4	2427
20132014	SEP	5	997
20142015	SEP	1	1978
20142015	SEP	2	7177
20142015	SEP	3	2342
20142015	SEP	4	2125
20142015	SEP	5	779
20152016	SEP	1	2931
20152016	SEP	2	2135
20152016	SEP	3	2088
20152016	SEP	4	4201
20152016	SEP	5	639
20162017	SEP	1	1677
20162017	SEP	2	4575
20162017	SEP	3	7382
20162017	SEP	4	2837
20162017	SEP	5	882
