Yearly online booking data 
===========================

year      Tickets
----      -------
20152016	15780
20162017	14380

monthly online booking data 
=============================

year      months Tickets
-----     ------ --------
20162017	SEP	2780
20162017	MAY	1318
20152016	MAR	10598
20162017	JUN	100
20162017	JUL	1952
20162017	AUG	3338
20162017	OCT	3568
20152016	FEB	5182
20162017	APR	1324

weekly online booking data 
==========================

year    months weeks Tickets
-----   ------ ----- -------
20162017	AUG	3	1142
20162017	AUG	4	282
20152016	MAR	2	3320
20162017	APR	5	136
20162017	MAY	4	290
20162017	JUN	3	2
20162017	SEP	3	436
20152016	FEB	3	1412
20162017	MAY	5	156
20162017	JUN	1	36
20162017	AUG	2	940
20152016	FEB	2	1102
20162017	JUL	1	100
20162017	MAY	3	252
20162017	APR	4	226
20162017	JUL	3	364
20162017	OCT	1	840
20152016	FEB	5	318
20162017	AUG	5	126
20162017	SEP	2	562
20162017	OCT	2	2098
20162017	JUL	2	402
20162017	APR	1	328
20162017	SEP	1	992
20152016	MAR	1	1952
20152016	FEB	1	828
20152016	MAR	4	2332
20162017	APR	3	206
20162017	MAY	1	332
20152016	MAR	5	494
20152016	FEB	4	1522
20152016	MAR	3	2500
20162017	JUN	4	18
20162017	MAY	2	288
20162017	JUN	2	44
20162017	APR	2	428
20162017	JUL	4	686
20162017	AUG	1	848
20162017	JUL	5	400
20162017	SEP	4	682
20162017	SEP	5	108
20162017	OCT	3	630

Daily online booking data 
==========================

year     months Daily Tickets
-----    ------ ----- -------
20152016	FEB	02	84
20152016	FEB	03	36
20152016	FEB	04	122
20152016	FEB	05	134
20152016	FEB	06	178
20152016	FEB	07	274
20152016	FEB	08	76
20152016	FEB	09	80
20152016	FEB	10	74
20152016	FEB	11	332
20152016	FEB	12	88
20152016	FEB	13	214
20152016	FEB	14	238
20152016	FEB	15	184
20152016	FEB	16	212
20152016	FEB	17	156
20152016	FEB	18	228
20152016	FEB	19	138
20152016	FEB	20	244
20152016	FEB	21	250
20152016	FEB	22	162
20152016	FEB	23	212
20152016	FEB	24	210
20152016	FEB	25	276
20152016	FEB	26	232
20152016	FEB	27	234
20152016	FEB	28	196
20152016	FEB	29	318
20152016	MAR	01	28
20152016	MAR	02	234
20152016	MAR	03	148
20152016	MAR	04	338
20152016	MAR	05	490
20152016	MAR	06	384
20152016	MAR	07	330
20152016	MAR	08	446
20152016	MAR	09	314
20152016	MAR	10	714
20152016	MAR	11	376
20152016	MAR	12	468
20152016	MAR	13	504
20152016	MAR	14	498
20152016	MAR	15	490
20152016	MAR	16	352
20152016	MAR	17	622
20152016	MAR	18	324
20152016	MAR	19	262
20152016	MAR	20	198
20152016	MAR	21	252
20152016	MAR	22	196
20152016	MAR	23	346
20152016	MAR	24	580
20152016	MAR	25	400
20152016	MAR	26	324
20152016	MAR	27	294
20152016	MAR	28	192
20152016	MAR	29	152
20152016	MAR	30	178
20152016	MAR	31	164
20162017	APR	01	72
20162017	APR	02	138
20162017	APR	03	50
20162017	APR	04	26
20162017	APR	05	6
20162017	APR	06	32
20162017	APR	07	4
20162017	APR	08	132
20162017	APR	09	194
20162017	APR	10	22
20162017	APR	13	22
20162017	APR	14	58
20162017	APR	15	48
20162017	APR	16	48
20162017	APR	17	48
20162017	APR	18	4
20162017	APR	19	34
20162017	APR	20	24
20162017	APR	22	32
20162017	APR	23	86
20162017	APR	24	32
20162017	APR	26	46
20162017	APR	27	24
20162017	APR	28	6
20162017	APR	29	20
20162017	APR	30	116
20162017	AUG	01	68
20162017	AUG	02	70
20162017	AUG	03	98
20162017	AUG	04	100
20162017	AUG	05	80
20162017	AUG	06	132
20162017	AUG	07	300
20162017	AUG	08	104
20162017	AUG	09	68
20162017	AUG	10	40
20162017	AUG	11	28
20162017	AUG	12	110
20162017	AUG	13	230
20162017	AUG	14	360
20162017	AUG	15	542
20162017	AUG	16	74
20162017	AUG	17	148
20162017	AUG	18	62
20162017	AUG	19	82
20162017	AUG	20	166
20162017	AUG	21	68
20162017	AUG	22	6
20162017	AUG	23	22
20162017	AUG	24	24
20162017	AUG	25	36
20162017	AUG	26	38
20162017	AUG	27	110
20162017	AUG	28	46
20162017	AUG	29	68
20162017	AUG	30	18
20162017	AUG	31	40
20162017	JUL	01	8
20162017	JUL	02	40
20162017	JUL	03	4
20162017	JUL	04	2
20162017	JUL	05	2
20162017	JUL	06	26
20162017	JUL	07	18
20162017	JUL	08	30
20162017	JUL	09	102
20162017	JUL	10	94
20162017	JUL	11	34
20162017	JUL	12	36
20162017	JUL	13	70
20162017	JUL	14	36
20162017	JUL	15	62
20162017	JUL	16	104
20162017	JUL	17	126
20162017	JUL	18	40
20162017	JUL	19	20
20162017	JUL	21	12
20162017	JUL	22	66
20162017	JUL	23	106
20162017	JUL	24	108
20162017	JUL	25	44
20162017	JUL	26	98
20162017	JUL	27	34
20162017	JUL	28	230
20162017	JUL	29	146
20162017	JUL	31	254
20162017	JUN	04	4
20162017	JUN	05	32
20162017	JUN	08	12
20162017	JUN	11	18
20162017	JUN	12	14
20162017	JUN	18	2
20162017	JUN	24	6
20162017	JUN	26	10
20162017	JUN	27	2
20162017	MAY	01	148
20162017	MAY	02	10
20162017	MAY	03	20
20162017	MAY	04	2
20162017	MAY	05	34
20162017	MAY	06	56
20162017	MAY	07	62
20162017	MAY	08	74
20162017	MAY	09	28
20162017	MAY	10	14
20162017	MAY	12	10
20162017	MAY	13	48
20162017	MAY	14	114
20162017	MAY	15	72
20162017	MAY	16	18
20162017	MAY	17	26
20162017	MAY	18	54
20162017	MAY	19	10
20162017	MAY	20	56
20162017	MAY	21	16
20162017	MAY	22	74
20162017	MAY	23	38
20162017	MAY	24	24
20162017	MAY	25	6
20162017	MAY	26	26
20162017	MAY	27	38
20162017	MAY	28	84
20162017	MAY	29	76
20162017	MAY	30	64
20162017	MAY	31	16
20162017	OCT	01	190
20162017	OCT	02	324
20162017	OCT	03	60
20162017	OCT	04	66
20162017	OCT	05	64
20162017	OCT	06	46
20162017	OCT	07	90
20162017	OCT	08	320
20162017	OCT	09	398
20162017	OCT	10	486
20162017	OCT	11	508
20162017	OCT	12	174
20162017	OCT	13	108
20162017	OCT	14	104
20162017	OCT	15	302
20162017	OCT	16	328
20162017	SEP	01	18
20162017	SEP	03	300
20162017	SEP	04	262
20162017	SEP	05	314
20162017	SEP	06	48
20162017	SEP	07	50
20162017	SEP	08	48
20162017	SEP	10	230
20162017	SEP	11	178
20162017	SEP	12	76
20162017	SEP	14	30
20162017	SEP	15	24
20162017	SEP	16	40
20162017	SEP	17	58
20162017	SEP	18	218
20162017	SEP	19	20
20162017	SEP	20	18
20162017	SEP	21	58
20162017	SEP	22	82
20162017	SEP	23	110
20162017	SEP	24	166
20162017	SEP	25	218
20162017	SEP	26	48
20162017	SEP	27	44
20162017	SEP	28	14
20162017	SEP	29	58
20162017	SEP	30	50
