yearwise total online Booking
=============================
Year         Tickets
--------    --------
20152016	1503
20162017	10818

monthwise total online Booking
==============================
year     months  Tickets
-----    ------  --------
20152016	FEB	426
20152016	MAR	1077
20162017	APR	1855
20162017	AUG	1058
20162017	JUL	1438
20162017	JUN	1169
20162017	MAY	3771
20162017	OCT	1037
20162017	SEP	490

Weekly total online Data
=========================
year    months weeks    Tickets
-----   ------ ----- 	-------
20152016	FEB	1	84
20152016	FEB	2	161
20152016	FEB	3	89
20152016	FEB	4	90
20152016	FEB	5	2
20152016	MAR	1	120
20152016	MAR	2	138
20152016	MAR	3	173
20152016	MAR	4	578
20152016	MAR	5	68
20162017	APR	1	276
20162017	APR	2	496
20162017	APR	3	436
20162017	APR	4	441
20162017	APR	5	206
20162017	AUG	1	157
20162017	AUG	2	477
20162017	AUG	3	277
20162017	AUG	4	137
20162017	AUG	5	10
20162017	JUL	1	177
20162017	JUL	2	156
20162017	JUL	3	402
20162017	JUL	4	521
20162017	JUL	5	182
20162017	JUN	1	425
20162017	JUN	2	327
20162017	JUN	3	234
20162017	JUN	4	174
20162017	JUN	5	9
20162017	MAY	1	610
20162017	MAY	2	786
20162017	MAY	3	771
20162017	MAY	4	1281
20162017	MAY	5	323
20162017	OCT	1	156
20162017	OCT	2	755
20162017	OCT	3	126
20162017	SEP	1	237
20162017	SEP	2	89
20162017	SEP	3	51
20162017	SEP	4	93
20162017	SEP	5	20

Daily total online booking  Data
================================
year       months Daily Tickets
-----      ------ ----- -------
20152016	FEB	02	5
20152016	FEB	03	3
20152016	FEB	04	2
20152016	FEB	05	3
20152016	FEB	06	37
20152016	FEB	07	34
20152016	FEB	08	5
20152016	FEB	09	10
20152016	FEB	10	5
20152016	FEB	11	4
20152016	FEB	12	16
20152016	FEB	13	54
20152016	FEB	14	67
20152016	FEB	15	11
20152016	FEB	16	5
20152016	FEB	17	4
20152016	FEB	18	8
20152016	FEB	19	10
20152016	FEB	20	28
20152016	FEB	21	23
20152016	FEB	22	3
20152016	FEB	23	5
20152016	FEB	24	2
20152016	FEB	25	5
20152016	FEB	26	11
20152016	FEB	27	38
20152016	FEB	28	26
20152016	FEB	29	2
20152016	MAR	01	4
20152016	MAR	02	6
20152016	MAR	03	10
20152016	MAR	04	16
20152016	MAR	05	35
20152016	MAR	06	40
20152016	MAR	07	9
20152016	MAR	08	11
20152016	MAR	09	5
20152016	MAR	10	6
20152016	MAR	11	21
20152016	MAR	12	53
20152016	MAR	13	30
20152016	MAR	14	12
20152016	MAR	15	4
20152016	MAR	16	8
20152016	MAR	17	9
20152016	MAR	18	36
20152016	MAR	19	50
20152016	MAR	20	44
20152016	MAR	21	22
20152016	MAR	22	14
20152016	MAR	23	22
20152016	MAR	24	80
20152016	MAR	25	190
20152016	MAR	26	170
20152016	MAR	27	67
20152016	MAR	28	35
20152016	MAR	29	13
20152016	MAR	30	16
20152016	MAR	31	39
20162017	APR	01	32
20162017	APR	02	80
20162017	APR	03	112
20162017	APR	04	15
20162017	APR	05	12
20162017	APR	06	10
20162017	APR	07	15
20162017	APR	08	160
20162017	APR	09	180
20162017	APR	10	73
20162017	APR	11	22
20162017	APR	12	19
20162017	APR	13	7
20162017	APR	14	35
20162017	APR	15	44
20162017	APR	16	146
20162017	APR	17	146
20162017	APR	18	13
20162017	APR	19	47
20162017	APR	20	15
20162017	APR	21	25
20162017	APR	22	41
20162017	APR	23	152
20162017	APR	24	126
20162017	APR	25	29
20162017	APR	26	34
20162017	APR	27	32
20162017	APR	28	27
20162017	APR	29	72
20162017	APR	30	134
20162017	AUG	01	12
20162017	AUG	02	8
20162017	AUG	03	11
20162017	AUG	04	1
20162017	AUG	05	19
20162017	AUG	06	58
20162017	AUG	07	48
20162017	AUG	08	10
20162017	AUG	09	3
20162017	AUG	10	6
20162017	AUG	11	7
20162017	AUG	12	49
20162017	AUG	13	133
20162017	AUG	14	269
20162017	AUG	15	116
20162017	AUG	16	11
20162017	AUG	17	16
20162017	AUG	18	13
20162017	AUG	19	25
20162017	AUG	20	60
20162017	AUG	21	36
20162017	AUG	22	13
20162017	AUG	23	6
20162017	AUG	24	20
20162017	AUG	25	11
20162017	AUG	26	8
20162017	AUG	27	39
20162017	AUG	28	40
20162017	AUG	29	8
20162017	AUG	30	1
20162017	AUG	31	1
20162017	JUL	01	12
20162017	JUL	02	54
20162017	JUL	03	45
20162017	JUL	04	14
20162017	JUL	05	8
20162017	JUL	06	34
20162017	JUL	07	10
20162017	JUL	08	20
20162017	JUL	09	78
20162017	JUL	10	33
20162017	JUL	11	9
20162017	JUL	12	5
20162017	JUL	13	1
20162017	JUL	14	10
20162017	JUL	15	22
20162017	JUL	16	119
20162017	JUL	17	111
20162017	JUL	18	27
20162017	JUL	19	41
20162017	JUL	20	45
20162017	JUL	21	37
20162017	JUL	22	68
20162017	JUL	23	155
20162017	JUL	24	105
20162017	JUL	25	59
20162017	JUL	26	44
20162017	JUL	27	52
20162017	JUL	28	38
20162017	JUL	29	63
20162017	JUL	31	119
20162017	JUN	01	55
20162017	JUN	02	28
20162017	JUN	03	63
20162017	JUN	04	107
20162017	JUN	05	129
20162017	JUN	06	23
20162017	JUN	07	20
20162017	JUN	08	17
20162017	JUN	09	20
20162017	JUN	10	42
20162017	JUN	11	109
20162017	JUN	12	83
20162017	JUN	13	25
20162017	JUN	14	31
20162017	JUN	15	13
20162017	JUN	16	11
20162017	JUN	17	39
20162017	JUN	18	69
20162017	JUN	19	73
20162017	JUN	20	20
20162017	JUN	21	9
20162017	JUN	22	11
20162017	JUN	23	16
20162017	JUN	24	39
20162017	JUN	25	51
20162017	JUN	26	42
20162017	JUN	27	5
20162017	JUN	28	10
20162017	JUN	29	4
20162017	JUN	30	5
20162017	MAY	01	154
20162017	MAY	02	51
20162017	MAY	03	43
20162017	MAY	04	28
20162017	MAY	05	72
20162017	MAY	06	66
20162017	MAY	07	196
20162017	MAY	08	149
20162017	MAY	09	59
20162017	MAY	10	67
20162017	MAY	11	70
20162017	MAY	12	53
20162017	MAY	13	99
20162017	MAY	14	289
20162017	MAY	15	234
20162017	MAY	16	64
20162017	MAY	17	53
20162017	MAY	18	31
20162017	MAY	19	40
20162017	MAY	20	73
20162017	MAY	21	276
20162017	MAY	22	256
20162017	MAY	23	113
20162017	MAY	24	95
20162017	MAY	25	88
20162017	MAY	26	133
20162017	MAY	27	196
20162017	MAY	28	400
20162017	MAY	29	221
20162017	MAY	30	78
20162017	MAY	31	24
20162017	OCT	01	51
20162017	OCT	02	34
20162017	OCT	03	15
20162017	OCT	04	12
20162017	OCT	05	7
20162017	OCT	06	17
20162017	OCT	07	20
20162017	OCT	08	141
20162017	OCT	09	183
20162017	OCT	10	205
20162017	OCT	11	116
20162017	OCT	12	50
20162017	OCT	13	26
20162017	OCT	14	34
20162017	OCT	15	75
20162017	OCT	16	51
20162017	SEP	01	3
20162017	SEP	03	63
20162017	SEP	04	114
20162017	SEP	05	47
20162017	SEP	06	7
20162017	SEP	07	3
20162017	SEP	08	1
20162017	SEP	10	27
20162017	SEP	11	52
20162017	SEP	12	7
20162017	SEP	14	2
20162017	SEP	15	4
20162017	SEP	16	5
20162017	SEP	17	21
20162017	SEP	18	18
20162017	SEP	19	1
20162017	SEP	20	2
20162017	SEP	22	3
20162017	SEP	23	7
20162017	SEP	24	31
20162017	SEP	25	38
20162017	SEP	26	2
20162017	SEP	27	7
20162017	SEP	28	5
20162017	SEP	29	15
20162017	SEP	30	5
