--total child tickets on peak days
year      total_tickets
-------   -------------
20112012	94477
20122013	106562
20132014	105519
20142015	114527
20152016	110051
20162017	105902

--total Adult tickets on peak days
year      total_tickets
-------   -------------
20112012	127198
20122013	141228
20132014	133361
20142015	143371
20152016	148079
20162017	256990

--total child tickets on week days
year      total_tickets
-------   -------------
20012002	22161
20022003	26838
20032004	31194
20042005	34005
20052006	63671
20062007	121044
20072008	112986
20082009	96253
20092010	108747
20102011	136497
20112012	113825
20122013	119621
20132014	128196
20142015	145664
20152016	10370
20152016	114328
20162017	497
20162017	58540

--total Adult tickets on week days
year      total_tickets
-------   -------------
20012002	44689
20022003	56325
20032004	61069
20042005	65577
20052006	103711
20062007	192122
20072008	173184
20082009	135715
20092010	149525
20102011	185277
20112012	148277
20122013	154576
20132014	157181
20142015	179088
20152016	36733
20152016	146850
20162017	669
20162017	82293

